rank     line     is_fault_line     suspicious

Sus_Ochiai:
[1, 79, True, 1.0]
[2, 81, False, 0.9128709291752769]
[3, 72, False, 0.4886272748799577]
[4, 90, False, 0.3779644730092272]
[4, 104, False, 0.3779644730092272]
[4, 126, False, 0.3779644730092272]
[4, 128, False, 0.3779644730092272]
[4, 133, False, 0.3779644730092272]
[4, 134, False, 0.3779644730092272]
[4, 141, False, 0.3779644730092272]
[5, 109, False, 0.36221595330050943]
[6, 63, False, 0.3535533905932738]
[7, 163, False, 0.35066719218483605]
[7, 164, False, 0.35066719218483605]
[8, 118, False, 0.2862014374503294]
[8, 119, False, 0.2862014374503294]
[8, 124, False, 0.2862014374503294]
[8, 148, False, 0.2862014374503294]
[8, 158, False, 0.2862014374503294]
[8, 159, False, 0.2862014374503294]
[8, 160, False, 0.2862014374503294]
[8, 172, False, 0.2862014374503294]
[9, 166, False, 0.2658440838594625]
[10, 165, False, 0.25031308716087947]
[11, 58, False, 0.224667290674191]
[12, 127, False, 0.22360679774997896]
[13, 112, False, 0.2206321211923456]
[14, 169, False, 0.18014417303072303]
[15, 120, False, 0.15655607277128739]
[15, 168, False, 0.15655607277128739]
[16, 167, False, 0.14383899044561524]
[17, 171, False, 0.12659242088545833]
[18, 53, False, 0.12331590591674751]
[19, 161, False, 0.12216944435630522]
[19, 162, False, 0.12216944435630522]
[20, 52, False, 0.11034745181364906]
[21, 51, False, 0.08043618151097336]
[22, 122, False, 0.056077215409204434]
[23, 61, False, 0.05120915564991892]
[24, 50, False, 0.0]
[24, 56, False, 0.0]
[24, 73, False, 0.0]
[24, 91, False, 0.0]
[24, 97, False, 0.0]
[24, 99, False, 0.0]

Sus_Op2:
[1, 79, True, 24.0]
[2, 81, False, 23.90914826498423]
[2, 90, False, 23.90914826498423]
[2, 104, False, 23.90914826498423]
[2, 126, False, 23.90914826498423]
[2, 128, False, 23.90914826498423]
[2, 133, False, 23.90914826498423]
[2, 134, False, 23.90914826498423]
[2, 141, False, 23.90914826498423]
[3, 63, False, 23.894006309148264]
[4, 118, False, 23.830283911671923]
[4, 119, False, 23.830283911671923]
[4, 124, False, 23.830283911671923]
[4, 148, False, 23.830283911671923]
[4, 158, False, 23.830283911671923]
[4, 159, False, 23.830283911671923]
[4, 160, False, 23.830283911671923]
[4, 172, False, 23.830283911671923]
[5, 109, False, 23.803154574132492]
[6, 72, False, 23.801261829652997]
[7, 127, False, 23.71230283911672]
[8, 165, False, 23.037223974763407]
[9, 171, False, 23.019558359621453]
[10, 161, False, 23.0006309148265]
[10, 162, False, 23.0006309148265]
[10, 163, False, 23.0006309148265]
[10, 164, False, 23.0006309148265]
[10, 166, False, 23.0006309148265]
[10, 167, False, 23.0006309148265]
[10, 168, False, 23.0006309148265]
[10, 169, False, 23.0006309148265]
[11, 58, False, 18.82397476340694]
[12, 112, False, 18.817034700315457]
[13, 120, False, 9.899053627760253]
[14, 53, False, 9.833438485804416]
[15, 52, False, 7.866876971608833]
[16, 51, False, 4.901577287066246]
[17, 61, False, 2.911671924290221]
[18, 122, False, 1.9678233438485804]
[19, 50, False, 0.0]
[19, 56, False, 0.0]
[19, 97, False, 0.0]
[19, 99, False, 0.0]
[20, 91, False, -0.06372239747634069]
[21, 73, False, -0.15709779179810726]

Sus_Tarantula:
[1, 79, True, 1.0]
[1, 81, False, 1.0]
[2, 72, False, 0.9661016949152542]
[3, 90, False, 0.9166666666666667]
[3, 104, False, 0.9166666666666667]
[3, 126, False, 0.9166666666666667]
[3, 128, False, 0.9166666666666667]
[3, 133, False, 0.9166666666666667]
[3, 134, False, 0.9166666666666667]
[3, 141, False, 0.9166666666666667]
[4, 109, False, 0.9128081779915814]
[5, 63, False, 0.9113924050632911]
[6, 163, False, 0.9109159347553325]
[6, 164, False, 0.9109159347553325]
[7, 119, False, 0.8844221105527638]
[8, 118, False, 0.8627450980392156]
[9, 169, False, 0.8621190130624093]
[10, 124, False, 0.8548300053966541]
[10, 148, False, 0.8548300053966541]
[10, 158, False, 0.8548300053966541]
[10, 159, False, 0.8548300053966541]
[10, 160, False, 0.8548300053966541]
[10, 172, False, 0.8548300053966541]
[11, 166, False, 0.8529230769230769]
[12, 171, False, 0.8461538461538461]
[13, 165, False, 0.842911877394636]
[14, 58, False, 0.8180039138943248]
[15, 112, False, 0.8121761658031088]
[16, 120, False, 0.8048780487804877]
[16, 168, False, 0.8048780487804877]
[17, 127, False, 0.7764705882352941]
[18, 161, False, 0.7674418604651163]
[19, 167, False, 0.7401869158878505]
[20, 122, False, 0.7213114754098361]
[21, 52, False, 0.7144790257104194]
[22, 53, False, 0.7142857142857143]
[23, 51, False, 0.6790123456790124]
[24, 61, False, 0.5857988165680473]
[25, 162, False, 0.5]
[26, 50, False, 0.0]
[26, 56, False, 0.0]
[26, 73, False, 0.0]
[26, 91, False, 0.0]
[26, 97, False, 0.0]
[26, 99, False, 0.0]

Sus_Dstar3:
[1, 79, True, 1.7976931348623157e+308]
[2, 81, False, 2000.0]
[3, 72, False, 139.9795918367347]
[4, 90, False, 96.0]
[4, 104, False, 96.0]
[4, 126, False, 96.0]
[4, 128, False, 96.0]
[4, 133, False, 96.0]
[4, 134, False, 96.0]
[4, 141, False, 96.0]
[5, 109, False, 83.33561643835617]
[6, 63, False, 82.28571428571429]
[7, 163, False, 73.94444444444444]
[7, 164, False, 73.94444444444444]
[8, 118, False, 51.39033457249071]
[8, 119, False, 51.39033457249071]
[8, 124, False, 51.39033457249071]
[8, 148, False, 51.39033457249071]
[8, 158, False, 51.39033457249071]
[8, 159, False, 51.39033457249071]
[8, 160, False, 51.39033457249071]
[8, 172, False, 51.39033457249071]
[9, 166, False, 38.268595041322314]
[10, 165, False, 32.0]
[11, 127, False, 30.31578947368421]
[12, 58, False, 24.151408450704224]
[13, 112, False, 23.250847457627117]
[14, 171, False, 8.895752895752896]
[15, 161, False, 8.727272727272727]
[15, 162, False, 8.727272727272727]
[15, 167, False, 8.727272727272727]
[15, 168, False, 8.727272727272727]
[15, 169, False, 8.727272727272727]
[16, 120, False, 5.747126436781609]
[17, 53, False, 3.597122302158273]
[18, 52, False, 2.2555066079295156]
[19, 51, False, 0.7142857142857143]
[20, 61, False, 0.16770186335403728]
[21, 122, False, 0.1095890410958904]
[22, 50, False, 0.0]
[22, 56, False, 0.0]
[22, 73, False, 0.0]
[22, 91, False, 0.0]
[22, 97, False, 0.0]
[22, 99, False, 0.0]

Sus_GP13:
[1, 79, True, 24.5]
[2, 81, False, 24.07142857142857]
[2, 90, False, 24.07142857142857]
[2, 104, False, 24.07142857142857]
[2, 126, False, 24.07142857142857]
[2, 128, False, 24.07142857142857]
[2, 133, False, 24.07142857142857]
[2, 134, False, 24.07142857142857]
[2, 141, False, 24.07142857142857]
[3, 63, False, 24.0625]
[4, 118, False, 24.040955631399314]
[4, 119, False, 24.040955631399314]
[4, 124, False, 24.040955631399314]
[4, 148, False, 24.040955631399314]
[4, 158, False, 24.040955631399314]
[4, 159, False, 24.040955631399314]
[4, 160, False, 24.040955631399314]
[4, 172, False, 24.040955631399314]
[5, 109, False, 24.03571428571429]
[6, 72, False, 24.035398230088497]
[7, 127, False, 24.025]
[8, 165, False, 24.00774193548387]
[9, 171, False, 24.00760456273764]
[10, 161, False, 24.007462686567166]
[10, 162, False, 24.007462686567166]
[10, 163, False, 24.007462686567166]
[10, 164, False, 24.007462686567166]
[10, 166, False, 24.007462686567166]
[10, 167, False, 24.007462686567166]
[10, 168, False, 24.007462686567166]
[10, 169, False, 24.007462686567166]
[11, 58, False, 19.03187919463087]
[12, 112, False, 19.030744336569576]
[13, 120, False, 10.029411764705882]
[14, 53, False, 10.018248175182482]
[15, 52, False, 8.018264840182649]
[16, 51, False, 5.015527950310559]
[17, 61, False, 3.010489510489511]
[18, 122, False, 2.018867924528302]
[19, 50, False, 0.0]
[19, 56, False, 0.0]
[19, 73, False, 0.0]
[19, 91, False, 0.0]
[19, 97, False, 0.0]
[19, 99, False, 0.0]

Sus_Naish1:
[1, 79, True, 24.0]
[2, 50, False, -1.0]
[2, 51, False, -1.0]
[2, 52, False, -1.0]
[2, 53, False, -1.0]
[2, 56, False, -1.0]
[2, 58, False, -1.0]
[2, 61, False, -1.0]
[2, 63, False, -1.0]
[2, 72, False, -1.0]
[2, 73, False, -1.0]
[2, 81, False, -1.0]
[2, 90, False, -1.0]
[2, 91, False, -1.0]
[2, 97, False, -1.0]
[2, 99, False, -1.0]
[2, 104, False, -1.0]
[2, 109, False, -1.0]
[2, 112, False, -1.0]
[2, 118, False, -1.0]
[2, 119, False, -1.0]
[2, 120, False, -1.0]
[2, 122, False, -1.0]
[2, 124, False, -1.0]
[2, 126, False, -1.0]
[2, 127, False, -1.0]
[2, 128, False, -1.0]
[2, 133, False, -1.0]
[2, 134, False, -1.0]
[2, 141, False, -1.0]
[2, 148, False, -1.0]
[2, 160, False, -1.0]
[2, 161, False, -1.0]
[2, 162, False, -1.0]
[2, 163, False, -1.0]
[2, 164, False, -1.0]
[2, 165, False, -1.0]
[2, 166, False, -1.0]
[2, 167, False, -1.0]
[2, 168, False, -1.0]
[2, 169, False, -1.0]
[2, 171, False, -1.0]
[3, 158, False, -245.0]
[3, 159, False, -245.0]
[3, 172, False, -245.0]

