rank     line     is_fault_line     suspicious

Sus_Ochiai:
[1, 72, False, 0.8717797887081347]
[2, 63, True, 0.5950103083819182]
[3, 93, False, 0.49992565608463846]
[4, 91, False, 0.45572437362900103]
[5, 90, False, 0.4376088218662476]
[6, 104, False, 0.3574950217596877]
[7, 127, False, 0.3516308456704247]
[8, 112, False, 0.313792481585076]
[9, 99, False, 0.31044574778990736]
[10, 128, False, 0.2749882425000574]
[11, 134, False, 0.25364164835212105]
[12, 138, False, 0.21432800171966693]
[12, 141, False, 0.21432800171966693]
[13, 148, False, 0.19005702566283172]
[13, 158, False, 0.19005702566283172]
[13, 171, False, 0.19005702566283172]
[14, 159, False, 0.18827575838123678]
[14, 160, False, 0.18827575838123678]
[14, 161, False, 0.18827575838123678]
[14, 162, False, 0.18827575838123678]
[14, 163, False, 0.18827575838123678]
[14, 164, False, 0.18827575838123678]
[14, 165, False, 0.18827575838123678]
[14, 166, False, 0.18827575838123678]
[14, 167, False, 0.18827575838123678]
[14, 168, False, 0.18827575838123678]
[14, 169, False, 0.18827575838123678]
[14, 172, False, 0.18827575838123678]
[15, 73, False, 0.17022239855222873]
[15, 75, False, 0.17022239855222873]
[16, 81, False, 0.1675415633166782]
[16, 126, False, 0.1675415633166782]
[16, 133, False, 0.1675415633166782]
[16, 135, False, 0.1675415633166782]
[17, 118, False, 0.16702043744053843]
[18, 58, False, 0.14191559529920428]
[19, 119, False, 0.13567119229501817]
[19, 124, False, 0.13567119229501817]
[20, 120, False, 0.13524203070138519]
[21, 56, False, 0.13092781167841544]
[22, 61, False, 0.13043093014520493]
[23, 122, False, 0.12280701754385964]
[24, 53, False, 0.12103729644072471]
[25, 50, False, 0.07647191129018725]
[26, 52, False, 0.031219527052723135]
[27, 51, False, 0.020942695414584774]

Sus_Op2:
[1, 72, False, 56.98840206185567]
[2, 63, True, 56.93298969072165]
[3, 104, False, 56.74935567010309]
[4, 127, False, 56.73969072164948]
[5, 134, False, 56.46585051546392]
[6, 148, False, 56.01997422680412]
[6, 158, False, 56.01997422680412]
[6, 171, False, 56.01997422680412]
[7, 159, False, 56.00064432989691]
[7, 160, False, 56.00064432989691]
[7, 161, False, 56.00064432989691]
[7, 162, False, 56.00064432989691]
[7, 163, False, 56.00064432989691]
[7, 164, False, 56.00064432989691]
[7, 165, False, 56.00064432989691]
[7, 166, False, 56.00064432989691]
[7, 167, False, 56.00064432989691]
[7, 168, False, 56.00064432989691]
[7, 169, False, 56.00064432989691]
[7, 172, False, 56.00064432989691]
[8, 93, False, 40.95038659793814]
[9, 91, False, 40.93492268041237]
[10, 90, False, 40.92719072164948]
[11, 99, False, 40.829252577319586]
[12, 128, False, 40.77512886597938]
[13, 138, False, 40.612757731958766]
[13, 141, False, 40.612757731958766]
[14, 112, False, 38.850515463917525]
[15, 73, False, 15.910438144329897]
[15, 75, False, 15.910438144329897]
[16, 81, False, 15.907216494845361]
[16, 126, False, 15.907216494845361]
[16, 133, False, 15.907216494845361]
[16, 135, False, 15.907216494845361]
[17, 118, False, 15.906572164948454]
[18, 58, False, 15.866623711340207]
[19, 119, False, 15.853092783505154]
[19, 124, False, 15.853092783505154]
[20, 56, False, 15.841494845360824]
[21, 61, False, 15.84020618556701]
[22, 53, False, 8.943298969072165]
[23, 120, False, 6.974226804123711]
[24, 122, False, 6.967783505154639]
[25, 50, False, 3.9716494845360826]
[26, 52, False, 1.9548969072164948]
[27, 51, False, 0.9748711340206185]

Sus_Tarantula:
[1, 72, False, 0.988527724665392]
[2, 63, True, 0.9371601208459215]
[3, 93, False, 0.9354368932038836]
[4, 91, False, 0.9169839072503894]
[5, 90, False, 0.9080277587388622]
[6, 161, False, 0.858091286307054]
[7, 168, False, 0.8300458715596329]
[8, 120, False, 0.8264443936971911]
[8, 126, False, 0.8264443936971911]
[8, 160, False, 0.8264443936971911]
[9, 112, False, 0.8206015221195718]
[10, 104, False, 0.8199365619681264]
[11, 99, False, 0.8080588594083562]
[12, 127, False, 0.7933503836317136]
[13, 122, False, 0.7920770409279929]
[13, 167, False, 0.7920770409279929]
[14, 128, False, 0.7617148196061522]
[15, 73, False, 0.7579950517731147]
[15, 75, False, 0.7579950517731147]
[16, 81, False, 0.751453488372093]
[16, 133, False, 0.751453488372093]
[16, 134, False, 0.751453488372093]
[16, 135, False, 0.751453488372093]
[16, 138, False, 0.751453488372093]
[17, 118, False, 0.750158701369366]
[18, 164, False, 0.7445991358617379]
[18, 165, False, 0.7445991358617379]
[19, 53, False, 0.7356521739130435]
[20, 124, False, 0.7312588401697313]
[21, 163, False, 0.7260556127703399]
[22, 50, False, 0.7121212121212122]
[23, 61, False, 0.6889396535313154]
[24, 58, False, 0.6777550184350676]
[25, 166, False, 0.6767015706806283]
[26, 119, False, 0.6562995874325611]
[26, 141, False, 0.6562995874325611]
[26, 148, False, 0.6562995874325611]
[26, 158, False, 0.6562995874325611]
[26, 159, False, 0.6562995874325611]
[26, 172, False, 0.6562995874325611]
[27, 56, False, 0.6389618414954427]
[28, 169, False, 0.6108704214257581]
[29, 171, False, 0.5048828125]
[30, 162, False, 0.5]
[31, 52, False, 0.43739424703891705]
[32, 51, False, 0.4109697933227345]

Sus_Dstar3:
[1, 72, False, 10288.5]
[2, 63, True, 1780.701923076923]
[3, 93, False, 741.0860215053764]
[4, 91, False, 589.0683760683761]
[5, 90, False, 534.2713178294574]
[6, 104, False, 476.0745501285347]
[7, 127, False, 458.3985148514852]
[8, 99, False, 245.27046263345196]
[9, 112, False, 237.276]
[10, 134, False, 223.3932448733414]
[11, 128, False, 188.82465753424657]
[12, 148, False, 121.75739644970415]
[12, 158, False, 121.75739644970415]
[12, 171, False, 121.75739644970415]
[13, 159, False, 119.40232108317214]
[13, 160, False, 119.40232108317214]
[13, 161, False, 119.40232108317214]
[13, 162, False, 119.40232108317214]
[13, 163, False, 119.40232108317214]
[13, 164, False, 119.40232108317214]
[13, 165, False, 119.40232108317214]
[13, 166, False, 119.40232108317214]
[13, 167, False, 119.40232108317214]
[13, 168, False, 119.40232108317214]
[13, 169, False, 119.40232108317214]
[13, 172, False, 119.40232108317214]
[14, 138, False, 111.7034035656402]
[14, 141, False, 111.7034035656402]
[15, 73, False, 22.755555555555556]
[15, 75, False, 22.755555555555556]
[16, 81, False, 22.14054054054054]
[16, 126, False, 22.14054054054054]
[16, 133, False, 22.14054054054054]
[16, 135, False, 22.14054054054054]
[17, 118, False, 22.021505376344088]
[18, 58, False, 16.516129032258064]
[19, 119, False, 15.226765799256505]
[19, 124, False, 15.226765799256505]
[20, 56, False, 14.27177700348432]
[21, 61, False, 14.173010380622838]
[22, 53, False, 5.360294117647059]
[23, 120, False, 3.811111111111111]
[24, 122, False, 3.43]
[25, 50, False, 0.6597938144329897]
[26, 52, False, 0.064]
[27, 51, False, 0.010526315789473684]

Sus_GP13:
[1, 72, False, 57.379999999999995]
[2, 63, True, 57.17701863354037]
[3, 104, False, 57.063901345291484]
[4, 127, False, 57.06182212581345]
[5, 134, False, 57.03216704288939]
[6, 148, False, 57.018060836501895]
[6, 158, False, 57.018060836501895]
[6, 171, False, 57.018060836501895]
[7, 159, False, 57.01772388059702]
[7, 160, False, 57.01772388059702]
[7, 161, False, 57.01772388059702]
[7, 162, False, 57.01772388059702]
[7, 163, False, 57.01772388059702]
[7, 164, False, 57.01772388059702]
[7, 165, False, 57.01772388059702]
[7, 166, False, 57.01772388059702]
[7, 167, False, 57.01772388059702]
[7, 168, False, 57.01772388059702]
[7, 169, False, 57.01772388059702]
[7, 172, False, 57.01772388059702]
[8, 93, False, 41.17372881355932]
[9, 91, False, 41.1443661971831]
[10, 90, False, 41.133116883116884]
[11, 99, False, 41.06699346405229]
[12, 128, False, 41.052564102564105]
[13, 138, False, 41.031931464174455]
[13, 141, False, 41.031931464174455]
[14, 112, False, 39.0719557195572]
[15, 73, False, 16.051612903225806]
[15, 75, False, 16.051612903225806]
[16, 81, False, 16.05]
[16, 126, False, 16.05]
[16, 133, False, 16.05]
[16, 135, False, 16.05]
[17, 118, False, 16.049689440993788]
[18, 58, False, 16.03587443946188]
[19, 119, False, 16.0327868852459]
[19, 124, False, 16.0327868852459]
[20, 56, False, 16.03053435114504]
[21, 61, False, 16.03030303030303]
[22, 53, False, 9.04639175257732]
[23, 120, False, 7.074468085106384]
[24, 122, False, 7.06140350877193]
[25, 50, False, 4.041666666666667]
[26, 52, False, 2.013888888888889]
[27, 51, False, 1.0125]

Sus_Naish1:
[1, 72, False, 39.0]
[2, 50, False, -1.0]
[2, 51, False, -1.0]
[2, 52, False, -1.0]
[2, 53, False, -1.0]
[2, 56, False, -1.0]
[2, 58, False, -1.0]
[2, 61, False, -1.0]
[2, 63, True, -1.0]
[2, 73, False, -1.0]
[2, 75, False, -1.0]
[2, 81, False, -1.0]
[2, 90, False, -1.0]
[2, 91, False, -1.0]
[2, 93, False, -1.0]
[2, 99, False, -1.0]
[2, 104, False, -1.0]
[2, 112, False, -1.0]
[2, 118, False, -1.0]
[2, 119, False, -1.0]
[2, 120, False, -1.0]
[2, 122, False, -1.0]
[2, 124, False, -1.0]
[2, 126, False, -1.0]
[2, 127, False, -1.0]
[2, 128, False, -1.0]
[2, 133, False, -1.0]
[2, 134, False, -1.0]
[2, 135, False, -1.0]
[2, 138, False, -1.0]
[2, 141, False, -1.0]
[2, 148, False, -1.0]
[2, 158, False, -1.0]
[2, 159, False, -1.0]
[2, 160, False, -1.0]
[2, 161, False, -1.0]
[2, 162, False, -1.0]
[2, 163, False, -1.0]
[2, 164, False, -1.0]
[2, 165, False, -1.0]
[2, 166, False, -1.0]
[2, 167, False, -1.0]
[2, 168, False, -1.0]
[2, 169, False, -1.0]
[2, 171, False, -1.0]
[2, 172, False, -1.0]

