rank     line     is_fault_line     suspicious

Sus_Ochiai:
[1, 90, True, 1.0]
[2, 91, False, 0.6161409170227454]
[3, 93, False, 0.5894553648230237]
[4, 104, False, 0.36604224907047983]
[5, 128, False, 0.3242347993787914]
[6, 127, False, 0.30950669221095123]
[7, 138, False, 0.24961977164306673]
[7, 148, False, 0.24961977164306673]
[8, 158, False, 0.16119012382983902]
[8, 171, False, 0.16119012382983902]
[8, 172, False, 0.16119012382983902]
[9, 159, False, 0.15967940517740836]
[9, 160, False, 0.15967940517740836]
[9, 161, False, 0.15967940517740836]
[9, 162, False, 0.15967940517740836]
[9, 163, False, 0.15967940517740836]
[9, 164, False, 0.15967940517740836]
[9, 165, False, 0.15967940517740836]
[9, 166, False, 0.15967940517740836]
[9, 167, False, 0.15967940517740836]
[9, 168, False, 0.15967940517740836]
[9, 169, False, 0.15967940517740836]
[10, 50, False, 0.0]
[10, 51, False, 0.0]
[10, 52, False, 0.0]
[10, 53, False, 0.0]
[10, 56, False, 0.0]
[10, 58, False, 0.0]
[10, 61, False, 0.0]
[10, 63, False, 0.0]
[10, 72, False, 0.0]
[10, 73, False, 0.0]
[10, 79, False, 0.0]
[10, 81, False, 0.0]
[10, 99, False, 0.0]
[10, 109, False, 0.0]
[10, 112, False, 0.0]
[10, 118, False, 0.0]
[10, 119, False, 0.0]
[10, 120, False, 0.0]
[10, 122, False, 0.0]
[10, 124, False, 0.0]
[10, 126, False, 0.0]
[10, 133, False, 0.0]
[10, 135, False, 0.0]
[10, 141, False, 0.0]

Sus_Op2:
[1, 90, True, 41.0]
[2, 91, False, 40.95727040816327]
[3, 93, False, 40.950892857142854]
[4, 104, False, 40.83099489795919]
[5, 128, False, 40.777423469387756]
[6, 127, False, 40.7531887755102]
[7, 138, False, 40.60650510204081]
[7, 148, False, 40.60650510204081]
[8, 158, False, 40.01977040816327]
[8, 171, False, 40.01977040816327]
[8, 172, False, 40.01977040816327]
[9, 159, False, 40.00063775510204]
[9, 160, False, 40.00063775510204]
[9, 161, False, 40.00063775510204]
[9, 162, False, 40.00063775510204]
[9, 163, False, 40.00063775510204]
[9, 164, False, 40.00063775510204]
[9, 165, False, 40.00063775510204]
[9, 166, False, 40.00063775510204]
[9, 167, False, 40.00063775510204]
[9, 168, False, 40.00063775510204]
[9, 169, False, 40.00063775510204]
[10, 50, False, 0.0]
[10, 56, False, 0.0]
[10, 61, False, 0.0]
[10, 63, False, 0.0]
[10, 79, False, 0.0]
[10, 81, False, 0.0]
[10, 99, False, 0.0]
[10, 109, False, 0.0]
[10, 112, False, 0.0]
[10, 118, False, 0.0]
[10, 120, False, 0.0]
[10, 122, False, 0.0]
[10, 124, False, 0.0]
[10, 133, False, 0.0]
[10, 141, False, 0.0]
[11, 119, False, -0.004464285714285714]
[12, 72, False, -0.011479591836734694]
[13, 51, False, -0.024872448979591837]
[14, 126, False, -0.025510204081632654]
[15, 52, False, -0.044642857142857144]
[16, 135, False, -0.05357142857142857]
[17, 53, False, -0.05612244897959184]
[18, 73, False, -0.09183673469387756]
[19, 58, False, -0.13201530612244897]

Sus_Tarantula:
[1, 90, True, 1.0]
[2, 91, False, 0.9589963280293756]
[3, 93, False, 0.9531630170316303]
[4, 104, False, 0.8553493449781658]
[5, 128, False, 0.8178496868475992]
[6, 127, False, 0.8019447287615148]
[7, 138, False, 0.7174908424908424]
[7, 148, False, 0.7174908424908424]
[8, 158, False, 0.5048324742268041]
[8, 171, False, 0.5048324742268041]
[8, 172, False, 0.5048324742268041]
[9, 159, False, 0.5]
[9, 160, False, 0.5]
[9, 161, False, 0.5]
[9, 162, False, 0.5]
[9, 163, False, 0.5]
[9, 164, False, 0.5]
[9, 165, False, 0.5]
[9, 166, False, 0.5]
[9, 167, False, 0.5]
[9, 168, False, 0.5]
[9, 169, False, 0.5]
[10, 50, False, 0.0]
[10, 51, False, 0.0]
[10, 52, False, 0.0]
[10, 53, False, 0.0]
[10, 56, False, 0.0]
[10, 58, False, 0.0]
[10, 61, False, 0.0]
[10, 63, False, 0.0]
[10, 72, False, 0.0]
[10, 73, False, 0.0]
[10, 79, False, 0.0]
[10, 81, False, 0.0]
[10, 99, False, 0.0]
[10, 109, False, 0.0]
[10, 112, False, 0.0]
[10, 118, False, 0.0]
[10, 119, False, 0.0]
[10, 120, False, 0.0]
[10, 122, False, 0.0]
[10, 124, False, 0.0]
[10, 126, False, 0.0]
[10, 133, False, 0.0]
[10, 135, False, 0.0]
[10, 141, False, 0.0]

Sus_Dstar3:
[1, 90, True, 1.7976931348623157e+308]
[2, 91, False, 1028.6716417910447]
[3, 93, False, 895.077922077922]
[4, 104, False, 260.07924528301885]
[5, 128, False, 197.4813753581662]
[6, 127, False, 178.0904392764858]
[7, 138, False, 111.7034035656402]
[7, 148, False, 111.7034035656402]
[8, 158, False, 44.84124918672739]
[8, 171, False, 44.84124918672739]
[8, 172, False, 44.84124918672739]
[9, 159, False, 43.982769623484366]
[9, 160, False, 43.982769623484366]
[9, 161, False, 43.982769623484366]
[9, 162, False, 43.982769623484366]
[9, 163, False, 43.982769623484366]
[9, 164, False, 43.982769623484366]
[9, 165, False, 43.982769623484366]
[9, 166, False, 43.982769623484366]
[9, 167, False, 43.982769623484366]
[9, 168, False, 43.982769623484366]
[9, 169, False, 43.982769623484366]
[10, 50, False, 0.0]
[10, 51, False, 0.0]
[10, 52, False, 0.0]
[10, 53, False, 0.0]
[10, 56, False, 0.0]
[10, 58, False, 0.0]
[10, 61, False, 0.0]
[10, 63, False, 0.0]
[10, 72, False, 0.0]
[10, 73, False, 0.0]
[10, 79, False, 0.0]
[10, 81, False, 0.0]
[10, 99, False, 0.0]
[10, 109, False, 0.0]
[10, 112, False, 0.0]
[10, 118, False, 0.0]
[10, 119, False, 0.0]
[10, 120, False, 0.0]
[10, 122, False, 0.0]
[10, 124, False, 0.0]
[10, 126, False, 0.0]
[10, 133, False, 0.0]
[10, 135, False, 0.0]
[10, 141, False, 0.0]

Sus_GP13:
[1, 90, True, 41.5]
[2, 91, False, 41.18981481481481]
[3, 93, False, 41.17372881355932]
[4, 104, False, 41.06699346405229]
[5, 128, False, 41.052564102564105]
[6, 127, False, 41.04789719626168]
[7, 138, False, 41.03115501519757]
[7, 148, False, 41.03115501519757]
[8, 158, False, 41.012991128010135]
[8, 171, False, 41.012991128010135]
[8, 172, False, 41.012991128010135]
[9, 159, False, 41.012748756218905]
[9, 160, False, 41.012748756218905]
[9, 161, False, 41.012748756218905]
[9, 162, False, 41.012748756218905]
[9, 163, False, 41.012748756218905]
[9, 164, False, 41.012748756218905]
[9, 165, False, 41.012748756218905]
[9, 166, False, 41.012748756218905]
[9, 167, False, 41.012748756218905]
[9, 168, False, 41.012748756218905]
[9, 169, False, 41.012748756218905]
[10, 50, False, 0.0]
[10, 51, False, 0.0]
[10, 52, False, 0.0]
[10, 53, False, 0.0]
[10, 56, False, 0.0]
[10, 58, False, 0.0]
[10, 61, False, 0.0]
[10, 63, False, 0.0]
[10, 72, False, 0.0]
[10, 73, False, 0.0]
[10, 79, False, 0.0]
[10, 81, False, 0.0]
[10, 99, False, 0.0]
[10, 109, False, 0.0]
[10, 112, False, 0.0]
[10, 118, False, 0.0]
[10, 119, False, 0.0]
[10, 120, False, 0.0]
[10, 122, False, 0.0]
[10, 124, False, 0.0]
[10, 126, False, 0.0]
[10, 133, False, 0.0]
[10, 135, False, 0.0]
[10, 141, False, 0.0]

Sus_Naish1:
[1, 90, True, 41.0]
[2, 50, False, -1.0]
[2, 51, False, -1.0]
[2, 52, False, -1.0]
[2, 53, False, -1.0]
[2, 56, False, -1.0]
[2, 58, False, -1.0]
[2, 61, False, -1.0]
[2, 63, False, -1.0]
[2, 72, False, -1.0]
[2, 73, False, -1.0]
[2, 79, False, -1.0]
[2, 81, False, -1.0]
[2, 93, False, -1.0]
[2, 99, False, -1.0]
[2, 104, False, -1.0]
[2, 109, False, -1.0]
[2, 112, False, -1.0]
[2, 118, False, -1.0]
[2, 119, False, -1.0]
[2, 120, False, -1.0]
[2, 122, False, -1.0]
[2, 124, False, -1.0]
[2, 126, False, -1.0]
[2, 127, False, -1.0]
[2, 128, False, -1.0]
[2, 133, False, -1.0]
[2, 135, False, -1.0]
[2, 138, False, -1.0]
[2, 141, False, -1.0]
[2, 148, False, -1.0]
[2, 158, False, -1.0]
[2, 159, False, -1.0]
[2, 160, False, -1.0]
[2, 161, False, -1.0]
[2, 162, False, -1.0]
[2, 163, False, -1.0]
[2, 164, False, -1.0]
[2, 165, False, -1.0]
[2, 166, False, -1.0]
[2, 167, False, -1.0]
[2, 168, False, -1.0]
[2, 169, False, -1.0]
[2, 171, False, -1.0]
[3, 91, False, -26.0]
[4, 172, False, -1496.0]

