rank     line     is_fault_line     suspicious

Sus_Ochiai:
[1, 79, False, 0.38818157028232203]
[2, 72, True, 0.3446278114803676]
[3, 73, False, 0.23108019874586222]
[4, 81, False, 0.17804574744833992]
[5, 126, False, 0.1513825177048746]
[6, 166, False, 0.14245072057454744]
[6, 167, False, 0.14245072057454744]
[7, 127, False, 0.1335222864260769]
[8, 138, False, 0.1323477372941411]
[8, 141, False, 0.1323477372941411]
[9, 135, False, 0.12086452635798359]
[10, 133, False, 0.1114241889678053]
[11, 164, False, 0.0842423539174232]
[12, 148, False, 0.08349161141199976]
[12, 158, False, 0.08349161141199976]
[12, 171, False, 0.08349161141199976]
[13, 159, False, 0.0827091048186383]
[13, 160, False, 0.0827091048186383]
[13, 161, False, 0.0827091048186383]
[13, 162, False, 0.0827091048186383]
[13, 163, False, 0.0827091048186383]
[13, 165, False, 0.0827091048186383]
[13, 168, False, 0.0827091048186383]
[13, 169, False, 0.0827091048186383]
[14, 50, False, 0.0]
[14, 51, False, 0.0]
[14, 52, False, 0.0]
[14, 53, False, 0.0]
[14, 56, False, 0.0]
[14, 58, False, 0.0]
[14, 61, False, 0.0]
[14, 63, False, 0.0]
[14, 90, False, 0.0]
[14, 91, False, 0.0]
[14, 93, False, 0.0]
[14, 99, False, 0.0]
[14, 104, False, 0.0]
[14, 109, False, 0.0]
[14, 112, False, 0.0]
[14, 118, False, 0.0]
[14, 119, False, 0.0]
[14, 120, False, 0.0]
[14, 122, False, 0.0]
[14, 124, False, 0.0]
[14, 128, False, 0.0]
[14, 172, False, 0.0]

Sus_Op2:
[1, 79, False, 10.961201501877346]
[2, 72, True, 10.877972465581978]
[2, 73, False, 10.877972465581978]
[3, 81, False, 10.789737171464331]
[4, 126, False, 10.706508135168962]
[5, 127, False, 10.620775969962454]
[6, 138, False, 10.61389236545682]
[6, 141, False, 10.61389236545682]
[7, 135, False, 10.53566958698373]
[8, 133, False, 10.45244055068836]
[9, 164, False, 10.0369211514393]
[10, 148, False, 10.019399249061326]
[10, 158, False, 10.019399249061326]
[10, 171, False, 10.019399249061326]
[11, 159, False, 10.000625782227784]
[11, 160, False, 10.000625782227784]
[11, 161, False, 10.000625782227784]
[11, 162, False, 10.000625782227784]
[11, 163, False, 10.000625782227784]
[11, 165, False, 10.000625782227784]
[11, 166, False, 10.000625782227784]
[11, 167, False, 10.000625782227784]
[11, 168, False, 10.000625782227784]
[11, 169, False, 10.000625782227784]
[12, 50, False, 0.0]
[12, 56, False, 0.0]
[12, 58, False, 0.0]
[12, 63, False, 0.0]
[12, 90, False, 0.0]
[12, 93, False, 0.0]
[12, 99, False, 0.0]
[12, 104, False, 0.0]
[12, 109, False, 0.0]
[12, 118, False, 0.0]
[12, 120, False, 0.0]
[12, 122, False, 0.0]
[12, 124, False, 0.0]
[12, 128, False, 0.0]
[12, 172, False, 0.0]
[13, 119, False, -0.006257822277847309]
[14, 51, False, -0.025657071339173967]
[15, 52, False, -0.04380475594493116]
[16, 61, False, -0.05381727158948686]
[17, 53, False, -0.05506883604505632]
[18, 91, False, -0.06320400500625782]
[19, 112, False, -0.06382978723404255]

Sus_Tarantula:
[1, 72, True, 0.9699362283631946]
[2, 79, False, 0.9626280892103677]
[3, 73, False, 0.8911830357142858]
[4, 81, False, 0.826176927056389]
[5, 126, False, 0.7729912875121007]
[6, 166, False, 0.7682316721185299]
[6, 167, False, 0.7682316721185299]
[7, 127, False, 0.7249205628688152]
[8, 138, False, 0.7213188798554652]
[8, 141, False, 0.7213188798554652]
[9, 135, False, 0.6827704147071398]
[10, 133, False, 0.6460355987055016]
[11, 148, False, 0.5150188887865106]
[12, 164, False, 0.5092474489795918]
[13, 158, False, 0.5047408343868521]
[13, 171, False, 0.5047408343868521]
[14, 159, False, 0.5]
[14, 160, False, 0.5]
[14, 161, False, 0.5]
[14, 162, False, 0.5]
[14, 163, False, 0.5]
[14, 165, False, 0.5]
[14, 168, False, 0.5]
[14, 169, False, 0.5]
[15, 50, False, 0.0]
[15, 51, False, 0.0]
[15, 52, False, 0.0]
[15, 53, False, 0.0]
[15, 56, False, 0.0]
[15, 58, False, 0.0]
[15, 61, False, 0.0]
[15, 63, False, 0.0]
[15, 90, False, 0.0]
[15, 91, False, 0.0]
[15, 93, False, 0.0]
[15, 99, False, 0.0]
[15, 104, False, 0.0]
[15, 109, False, 0.0]
[15, 112, False, 0.0]
[15, 118, False, 0.0]
[15, 119, False, 0.0]
[15, 120, False, 0.0]
[15, 122, False, 0.0]
[15, 124, False, 0.0]
[15, 128, False, 0.0]
[15, 172, False, 0.0]

Sus_Dstar3:
[1, 79, False, 21.467741935483872]
[2, 72, True, 13.254545454545454]
[3, 73, False, 6.825641025641025]
[4, 81, False, 3.9613095238095237]
[5, 126, False, 2.837953091684435]
[6, 166, False, 2.277904328018223]
[6, 167, False, 2.277904328018223]
[7, 127, False, 2.1963696369636962]
[8, 138, False, 2.157212317666126]
[8, 141, False, 2.157212317666126]
[9, 135, False, 1.7938005390835579]
[10, 133, False, 1.5211428571428571]
[11, 164, False, 0.8648473034437947]
[12, 148, False, 0.8493937460114869]
[12, 158, False, 0.8493937460114869]
[12, 171, False, 0.8493937460114869]
[13, 159, False, 0.8334376956793988]
[13, 160, False, 0.8334376956793988]
[13, 161, False, 0.8334376956793988]
[13, 162, False, 0.8334376956793988]
[13, 163, False, 0.8334376956793988]
[13, 165, False, 0.8334376956793988]
[13, 168, False, 0.8334376956793988]
[13, 169, False, 0.8334376956793988]
[14, 50, False, 0.0]
[14, 51, False, 0.0]
[14, 52, False, 0.0]
[14, 53, False, 0.0]
[14, 56, False, 0.0]
[14, 58, False, 0.0]
[14, 61, False, 0.0]
[14, 63, False, 0.0]
[14, 90, False, 0.0]
[14, 91, False, 0.0]
[14, 93, False, 0.0]
[14, 99, False, 0.0]
[14, 104, False, 0.0]
[14, 109, False, 0.0]
[14, 112, False, 0.0]
[14, 118, False, 0.0]
[14, 119, False, 0.0]
[14, 120, False, 0.0]
[14, 122, False, 0.0]
[14, 124, False, 0.0]
[14, 128, False, 0.0]
[14, 172, False, 0.0]

Sus_GP13:
[1, 79, False, 11.075342465753424]
[2, 72, True, 11.026699029126215]
[2, 73, False, 11.026699029126215]
[3, 81, False, 11.015850144092218]
[4, 126, False, 11.011458333333334]
[5, 127, False, 11.008914100486223]
[6, 138, False, 11.008757961783438]
[6, 141, False, 11.008757961783438]
[7, 135, False, 11.00730411686587]
[8, 133, False, 11.006207674943568]
[9, 164, False, 11.003548387096773]
[10, 148, False, 11.003485424588085]
[10, 158, False, 11.003485424588085]
[10, 171, False, 11.003485424588085]
[11, 159, False, 11.00342039800995]
[11, 160, False, 11.00342039800995]
[11, 161, False, 11.00342039800995]
[11, 162, False, 11.00342039800995]
[11, 163, False, 11.00342039800995]
[11, 165, False, 11.00342039800995]
[11, 166, False, 11.00342039800995]
[11, 167, False, 11.00342039800995]
[11, 168, False, 11.00342039800995]
[11, 169, False, 11.00342039800995]
[12, 50, False, 0.0]
[12, 51, False, 0.0]
[12, 52, False, 0.0]
[12, 53, False, 0.0]
[12, 56, False, 0.0]
[12, 58, False, 0.0]
[12, 61, False, 0.0]
[12, 63, False, 0.0]
[12, 90, False, 0.0]
[12, 91, False, 0.0]
[12, 93, False, 0.0]
[12, 99, False, 0.0]
[12, 104, False, 0.0]
[12, 109, False, 0.0]
[12, 112, False, 0.0]
[12, 118, False, 0.0]
[12, 119, False, 0.0]
[12, 120, False, 0.0]
[12, 122, False, 0.0]
[12, 124, False, 0.0]
[12, 128, False, 0.0]
[12, 172, False, 0.0]

Sus_Naish1:
[1, 50, False, -1.0]
[1, 51, False, -1.0]
[1, 52, False, -1.0]
[1, 53, False, -1.0]
[1, 56, False, -1.0]
[1, 58, False, -1.0]
[1, 61, False, -1.0]
[1, 63, False, -1.0]
[1, 72, True, -1.0]
[1, 73, False, -1.0]
[1, 79, False, -1.0]
[1, 81, False, -1.0]
[1, 90, False, -1.0]
[1, 91, False, -1.0]
[1, 93, False, -1.0]
[1, 99, False, -1.0]
[1, 104, False, -1.0]
[1, 109, False, -1.0]
[1, 112, False, -1.0]
[1, 118, False, -1.0]
[1, 119, False, -1.0]
[1, 120, False, -1.0]
[1, 122, False, -1.0]
[1, 124, False, -1.0]
[1, 126, False, -1.0]
[1, 127, False, -1.0]
[1, 128, False, -1.0]
[1, 133, False, -1.0]
[1, 138, False, -1.0]
[1, 141, False, -1.0]
[1, 148, False, -1.0]
[1, 158, False, -1.0]
[1, 159, False, -1.0]
[1, 160, False, -1.0]
[1, 161, False, -1.0]
[1, 162, False, -1.0]
[1, 163, False, -1.0]
[1, 164, False, -1.0]
[1, 165, False, -1.0]
[1, 166, False, -1.0]
[1, 167, False, -1.0]
[1, 168, False, -1.0]
[1, 169, False, -1.0]
[1, 171, False, -1.0]
[1, 172, False, -1.0]
[2, 135, False, -731.0]

