rank     line     is_fault_line     suspicious

Sus_Ochiai:
[1, 104, True, 1.0]
[2, 72, False, 0.2773500981126145]
[2, 73, False, 0.2773500981126145]
[2, 75, False, 0.2773500981126145]
[2, 81, False, 0.2773500981126145]
[2, 90, False, 0.2773500981126145]
[2, 126, False, 0.2773500981126145]
[2, 127, False, 0.2773500981126145]
[2, 128, False, 0.2773500981126145]
[2, 134, False, 0.2773500981126145]
[2, 141, False, 0.2773500981126145]
[2, 148, False, 0.2773500981126145]
[3, 118, False, 0.2422507915557546]
[4, 163, False, 0.22750787759664504]
[4, 164, False, 0.22750787759664504]
[5, 56, False, 0.20927403192454674]
[6, 63, False, 0.20851441405707474]
[7, 58, False, 0.20665097709548721]
[7, 119, False, 0.20665097709548721]
[7, 133, False, 0.20665097709548721]
[7, 158, False, 0.20665097709548721]
[7, 159, False, 0.20665097709548721]
[7, 160, False, 0.20665097709548721]
[8, 165, False, 0.19846415503393386]
[8, 166, False, 0.19846415503393386]
[9, 124, False, 0.19549056373532236]
[10, 53, False, 0.17496355305594127]
[11, 169, False, 0.16957555408902822]
[12, 120, False, 0.13566468949384036]
[13, 168, False, 0.1336306209562122]
[14, 122, False, 0.13206763594884358]
[14, 161, False, 0.13206763594884358]
[15, 167, False, 0.12275035917058151]
[16, 171, False, 0.08720414403938946]
[16, 172, False, 0.08720414403938946]
[17, 162, False, 0.08638684255813601]
[18, 51, False, 0.08512565307587486]
[19, 50, False, 0.08333333333333333]
[20, 52, False, 0.03333333333333333]
[21, 61, False, 0.0]
[21, 91, False, 0.0]
[21, 93, False, 0.0]
[21, 99, False, 0.0]
[21, 112, False, 0.0]

Sus_Op2:
[1, 104, True, 12.0]
[2, 72, False, 11.909830932999373]
[2, 73, False, 11.909830932999373]
[2, 75, False, 11.909830932999373]
[2, 81, False, 11.909830932999373]
[2, 90, False, 11.909830932999373]
[2, 126, False, 11.909830932999373]
[2, 127, False, 11.909830932999373]
[2, 128, False, 11.909830932999373]
[2, 134, False, 11.909830932999373]
[2, 141, False, 11.909830932999373]
[2, 148, False, 11.909830932999373]
[3, 118, False, 11.837194740137758]
[4, 56, False, 11.835942391984972]
[5, 63, False, 11.834690043832186]
[6, 58, False, 11.83155917345022]
[6, 119, False, 11.83155917345022]
[6, 133, False, 11.83155917345022]
[6, 158, False, 11.83155917345022]
[6, 159, False, 11.83155917345022]
[6, 160, False, 11.83155917345022]
[7, 124, False, 11.810895428929243]
[8, 165, False, 11.0369442705072]
[9, 171, False, 11.01941139636819]
[9, 172, False, 11.01941139636819]
[10, 161, False, 11.000626174076393]
[10, 162, False, 11.000626174076393]
[10, 163, False, 11.000626174076393]
[10, 164, False, 11.000626174076393]
[10, 166, False, 11.000626174076393]
[10, 167, False, 11.000626174076393]
[10, 168, False, 11.000626174076393]
[10, 169, False, 11.000626174076393]
[11, 53, False, 5.942391984971822]
[12, 120, False, 5.9016906700062615]
[13, 122, False, 2.9749530369442705]
[14, 51, False, 1.9724483406386975]
[15, 50, False, 1.971195992485911]
[16, 52, False, 0.9536631183469004]
[17, 61, False, 0.0]
[17, 91, False, 0.0]
[17, 93, False, 0.0]
[17, 99, False, 0.0]
[17, 112, False, 0.0]

Sus_Tarantula:
[1, 104, True, 1.0]
[2, 63, False, 0.9193548387096774]
[3, 72, False, 0.9172413793103449]
[3, 73, False, 0.9172413793103449]
[3, 75, False, 0.9172413793103449]
[3, 81, False, 0.9172413793103449]
[3, 90, False, 0.9172413793103449]
[3, 126, False, 0.9172413793103449]
[3, 127, False, 0.9172413793103449]
[3, 128, False, 0.9172413793103449]
[3, 134, False, 0.9172413793103449]
[3, 141, False, 0.9172413793103449]
[3, 148, False, 0.9172413793103449]
[4, 168, False, 0.910958904109589]
[5, 118, False, 0.9097127222982215]
[6, 120, False, 0.908883826879271]
[6, 122, False, 0.908883826879271]
[6, 160, False, 0.908883826879271]
[6, 161, False, 0.908883826879271]
[7, 163, False, 0.8980418636056718]
[7, 164, False, 0.8980418636056718]
[8, 53, False, 0.896629213483146]
[9, 169, False, 0.873358348968105]
[10, 119, False, 0.8655097613882863]
[11, 56, False, 0.8589881593110873]
[12, 51, False, 0.8580645161290322]
[13, 58, False, 0.8569587628865979]
[14, 165, False, 0.8565573770491803]
[14, 166, False, 0.8565573770491803]
[15, 133, False, 0.8557640750670241]
[15, 158, False, 0.8557640750670241]
[15, 159, False, 0.8557640750670241]
[16, 50, False, 0.8525641025641025]
[17, 124, False, 0.8453389830508475]
[18, 167, False, 0.7790794979079498]
[19, 162, False, 0.7348066298342542]
[20, 52, False, 0.642512077294686]
[21, 171, False, 0.5047438330170778]
[21, 172, False, 0.5047438330170778]
[22, 61, False, 0.0]
[22, 91, False, 0.0]
[22, 93, False, 0.0]
[22, 99, False, 0.0]
[22, 112, False, 0.0]

Sus_Dstar3:
[1, 104, True, 1.7976931348623157e+308]
[2, 72, False, 12.0]
[2, 73, False, 12.0]
[2, 75, False, 12.0]
[2, 81, False, 12.0]
[2, 90, False, 12.0]
[2, 126, False, 12.0]
[2, 127, False, 12.0]
[2, 128, False, 12.0]
[2, 134, False, 12.0]
[2, 141, False, 12.0]
[2, 148, False, 12.0]
[3, 118, False, 7.462686567164179]
[4, 56, False, 6.595419847328245]
[5, 63, False, 6.545454545454546]
[6, 163, False, 6.5359477124183005]
[6, 164, False, 6.5359477124183005]
[7, 58, False, 6.4237918215613385]
[7, 119, False, 6.4237918215613385]
[7, 133, False, 6.4237918215613385]
[7, 158, False, 6.4237918215613385]
[7, 159, False, 6.4237918215613385]
[7, 160, False, 6.4237918215613385]
[8, 124, False, 5.7218543046357615]
[9, 165, False, 5.4105691056910565]
[9, 166, False, 5.4105691056910565]
[10, 169, False, 2.45]
[11, 53, False, 2.204081632653061]
[12, 120, False, 1.3251533742331287]
[13, 167, False, 1.275092936802974]
[14, 171, False, 1.103448275862069]
[14, 172, False, 1.103448275862069]
[15, 161, False, 1.0827067669172932]
[15, 162, False, 1.0827067669172932]
[15, 168, False, 1.0827067669172932]
[16, 122, False, 0.5510204081632653]
[17, 51, False, 0.14814814814814814]
[18, 50, False, 0.14285714285714285]
[19, 52, False, 0.011764705882352941]
[20, 61, False, 0.0]
[20, 91, False, 0.0]
[20, 93, False, 0.0]
[20, 99, False, 0.0]
[20, 112, False, 0.0]

Sus_GP13:
[1, 104, True, 12.5]
[2, 72, False, 12.038461538461538]
[2, 73, False, 12.038461538461538]
[2, 75, False, 12.038461538461538]
[2, 81, False, 12.038461538461538]
[2, 90, False, 12.038461538461538]
[2, 126, False, 12.038461538461538]
[2, 127, False, 12.038461538461538]
[2, 128, False, 12.038461538461538]
[2, 134, False, 12.038461538461538]
[2, 141, False, 12.038461538461538]
[2, 148, False, 12.038461538461538]
[3, 118, False, 12.022058823529413]
[4, 56, False, 12.021897810218979]
[5, 63, False, 12.021739130434781]
[6, 58, False, 12.02135231316726]
[6, 119, False, 12.02135231316726]
[6, 133, False, 12.02135231316726]
[6, 158, False, 12.02135231316726]
[6, 159, False, 12.02135231316726]
[6, 160, False, 12.02135231316726]
[7, 124, False, 12.019108280254777]
[8, 165, False, 12.003870967741936]
[9, 171, False, 12.00380228136882]
[9, 172, False, 12.00380228136882]
[10, 161, False, 12.003731343283583]
[10, 162, False, 12.003731343283583]
[10, 163, False, 12.003731343283583]
[10, 164, False, 12.003731343283583]
[10, 166, False, 12.003731343283583]
[10, 167, False, 12.003731343283583]
[10, 168, False, 12.003731343283583]
[10, 169, False, 12.003731343283583]
[11, 53, False, 6.030612244897959]
[12, 120, False, 6.0184049079754605]
[13, 122, False, 3.0348837209302326]
[14, 51, False, 2.0217391304347827]
[15, 50, False, 2.0208333333333335]
[16, 52, False, 1.0066666666666666]
[17, 61, False, 0.0]
[17, 91, False, 0.0]
[17, 93, False, 0.0]
[17, 99, False, 0.0]
[17, 112, False, 0.0]

Sus_Naish1:
[1, 104, True, 12.0]
[2, 50, False, -1.0]
[2, 51, False, -1.0]
[2, 52, False, -1.0]
[2, 53, False, -1.0]
[2, 56, False, -1.0]
[2, 58, False, -1.0]
[2, 61, False, -1.0]
[2, 63, False, -1.0]
[2, 72, False, -1.0]
[2, 75, False, -1.0]
[2, 81, False, -1.0]
[2, 90, False, -1.0]
[2, 91, False, -1.0]
[2, 93, False, -1.0]
[2, 99, False, -1.0]
[2, 112, False, -1.0]
[2, 118, False, -1.0]
[2, 119, False, -1.0]
[2, 120, False, -1.0]
[2, 122, False, -1.0]
[2, 124, False, -1.0]
[2, 126, False, -1.0]
[2, 127, False, -1.0]
[2, 128, False, -1.0]
[2, 133, False, -1.0]
[2, 134, False, -1.0]
[2, 148, False, -1.0]
[2, 158, False, -1.0]
[2, 160, False, -1.0]
[2, 161, False, -1.0]
[2, 162, False, -1.0]
[2, 163, False, -1.0]
[2, 164, False, -1.0]
[2, 165, False, -1.0]
[2, 166, False, -1.0]
[2, 167, False, -1.0]
[2, 168, False, -1.0]
[2, 169, False, -1.0]
[2, 171, False, -1.0]
[3, 73, False, -132.0]
[3, 141, False, -132.0]
[4, 159, False, -257.0]
[5, 172, False, -1554.0]

