rank     line     is_fault_line     suspicious

Sus_Ochiai:
[1, 169, False, 0.8905635565617213]
[1, 171, False, 0.8905635565617213]
[2, 63, True, 0.6157279262148819]
[3, 72, False, 0.6140433049287882]
[4, 93, False, 0.46104271653874973]
[5, 91, False, 0.43989004123282005]
[6, 90, False, 0.4296416117754789]
[7, 104, False, 0.38856747510998385]
[8, 127, False, 0.3823433544315451]
[9, 118, False, 0.3499482363378076]
[10, 112, False, 0.30545656500875895]
[11, 99, False, 0.30133452373157177]
[12, 134, False, 0.27906648641044624]
[13, 128, False, 0.2682228838518002]
[14, 119, False, 0.23978290648587322]
[15, 73, False, 0.23501389443217038]
[15, 75, False, 0.23501389443217038]
[16, 81, False, 0.23151125593417152]
[16, 126, False, 0.23151125593417152]
[16, 133, False, 0.23151125593417152]
[16, 135, False, 0.23151125593417152]
[16, 138, False, 0.23151125593417152]
[17, 164, False, 0.23082933617327037]
[18, 163, False, 0.2262188707491263]
[19, 165, False, 0.2109884571066817]
[20, 141, False, 0.21003882171294175]
[21, 120, False, 0.20938142159739226]
[21, 168, False, 0.20938142159739226]
[22, 148, False, 0.20910819147380352]
[22, 158, False, 0.20910819147380352]
[23, 160, False, 0.20753592712754373]
[24, 159, False, 0.20714837136988076]
[24, 161, False, 0.20714837136988076]
[24, 162, False, 0.20714837136988076]
[24, 166, False, 0.20714837136988076]
[24, 167, False, 0.20714837136988076]
[24, 172, False, 0.20714837136988076]
[25, 58, False, 0.1984502019946254]
[26, 124, False, 0.19034674690672024]
[27, 56, False, 0.18350137520115908]
[28, 61, False, 0.18282299441249483]
[29, 53, False, 0.1403696239590397]
[30, 52, False, 0.1070096471873504]
[31, 51, False, 0.07178425360775541]
[32, 122, False, 0.03958262466638396]
[33, 50, False, 0.034752402342845795]

Sus_Op2:
[1, 169, False, 68.98831168831168]
[1, 171, False, 68.98831168831168]
[2, 63, True, 68.92662337662338]
[3, 72, False, 68.92597402597403]
[4, 104, False, 68.74805194805195]
[5, 127, False, 68.73831168831168]
[6, 134, False, 68.46948051948051]
[7, 165, False, 68.0383116883117]
[8, 148, False, 68.02012987012986]
[8, 158, False, 68.02012987012986]
[9, 159, False, 68.00064935064935]
[9, 160, False, 68.00064935064935]
[9, 161, False, 68.00064935064935]
[9, 162, False, 68.00064935064935]
[9, 163, False, 68.00064935064935]
[9, 164, False, 68.00064935064935]
[9, 166, False, 68.00064935064935]
[9, 167, False, 68.00064935064935]
[9, 168, False, 68.00064935064935]
[9, 172, False, 68.00064935064935]
[10, 93, False, 43.94285714285714]
[11, 91, False, 43.93441558441558]
[12, 90, False, 43.92987012987013]
[13, 99, False, 43.827922077922075]
[14, 128, False, 43.775324675324676]
[15, 138, False, 43.615584415584415]
[15, 141, False, 43.615584415584415]
[16, 112, False, 41.84935064935065]
[17, 118, False, 38.90844155844156]
[18, 73, False, 24.90974025974026]
[18, 75, False, 24.90974025974026]
[19, 81, False, 24.906493506493508]
[19, 126, False, 24.906493506493508]
[19, 133, False, 24.906493506493508]
[19, 135, False, 24.906493506493508]
[20, 58, False, 24.866883116883116]
[21, 119, False, 24.853896103896105]
[21, 124, False, 24.853896103896105]
[22, 56, False, 24.84155844155844]
[23, 61, False, 24.84025974025974]
[24, 120, False, 21.91038961038961]
[25, 53, False, 10.949350649350649]
[26, 52, False, 7.952597402597402]
[27, 51, False, 3.9733766233766232]
[28, 122, False, 1.9772727272727273]
[29, 50, False, 1.9701298701298702]

Sus_Tarantula:
[1, 169, False, 0.9884393063583816]
[1, 171, False, 0.9884393063583816]
[2, 63, True, 0.9315980629539952]
[3, 72, False, 0.9310344827586208]
[4, 93, False, 0.9177101967799642]
[5, 91, False, 0.9066880899779073]
[6, 90, False, 0.9008620689655172]
[7, 118, False, 0.8605161290322579]
[8, 119, False, 0.8307080818489622]
[9, 112, False, 0.8015028643702106]
[10, 104, False, 0.8008799318762418]
[11, 73, False, 0.8004618649357134]
[11, 75, False, 0.8004618649357134]
[12, 164, False, 0.7960540900022168]
[12, 165, False, 0.7960540900022168]
[13, 81, False, 0.7947573898494144]
[13, 126, False, 0.7947573898494144]
[13, 128, False, 0.7947573898494144]
[13, 133, False, 0.7947573898494144]
[13, 134, False, 0.7947573898494144]
[13, 135, False, 0.7947573898494144]
[13, 138, False, 0.7947573898494144]
[14, 127, False, 0.7924819773429453]
[15, 99, False, 0.7873861931838002]
[16, 163, False, 0.7857974388824215]
[17, 120, False, 0.7804979253112033]
[17, 168, False, 0.7804979253112033]
[18, 160, False, 0.7679640718562875]
[19, 53, False, 0.7587736990722065]
[20, 58, False, 0.7311858608893956]
[21, 124, False, 0.7125]
[21, 141, False, 0.7125]
[21, 148, False, 0.7125]
[21, 158, False, 0.7125]
[21, 159, False, 0.7125]
[21, 172, False, 0.7125]
[22, 52, False, 0.709666263185198]
[23, 166, False, 0.6993584603047314]
[24, 56, False, 0.6956120843955089]
[25, 61, False, 0.6938808634961857]
[26, 51, False, 0.6851419031719532]
[27, 161, False, 0.6501901140684411]
[28, 122, False, 0.5603495357728018]
[28, 167, False, 0.5603495357728018]
[29, 162, False, 0.5]
[30, 50, False, 0.4923224568138196]

Sus_Dstar3:
[1, 169, False, 18250.5]
[1, 171, False, 18250.5]
[2, 63, True, 2907.1592920353983]
[3, 72, False, 2881.657894736842]
[4, 104, False, 846.6726804123712]
[5, 127, False, 815.1588089330024]
[6, 93, False, 753.8407079646017]
[7, 91, False, 676.063492063492]
[8, 90, False, 640.4812030075188]
[9, 134, False, 402.09179926560586]
[10, 118, False, 346.89473684210526]
[11, 99, False, 293.73793103448276]
[12, 112, False, 286.05405405405406]
[13, 128, False, 229.6064690026954]
[14, 165, False, 221.8156650911546]
[15, 148, False, 217.69980119284295]
[15, 158, False, 217.69980119284295]
[16, 159, False, 213.4561403508772]
[16, 160, False, 213.4561403508772]
[16, 161, False, 213.4561403508772]
[16, 162, False, 213.4561403508772]
[16, 163, False, 213.4561403508772]
[16, 164, False, 213.4561403508772]
[16, 166, False, 213.4561403508772]
[16, 167, False, 213.4561403508772]
[16, 168, False, 213.4561403508772]
[16, 172, False, 213.4561403508772]
[17, 138, False, 138.06158833063208]
[17, 141, False, 138.06158833063208]
[18, 73, False, 85.38251366120218]
[18, 75, False, 85.38251366120218]
[19, 81, False, 83.11170212765957]
[19, 126, False, 83.11170212765957]
[19, 133, False, 83.11170212765957]
[19, 135, False, 83.11170212765957]
[20, 119, False, 72.43537414965986]
[21, 58, False, 62.75100401606426]
[22, 124, False, 58.08550185873606]
[23, 120, False, 57.556756756756755]
[24, 56, False, 54.25347222222222]
[25, 61, False, 53.87931034482759]
[26, 53, False, 9.786764705882353]
[27, 52, False, 3.8208955223880596]
[28, 51, False, 0.6037735849056604]
[29, 122, False, 0.0784313725490196]
[30, 50, False, 0.07079646017699115]

Sus_GP13:
[1, 169, False, 69.39655172413794]
[1, 171, False, 69.39655172413794]
[2, 63, True, 69.18956043956044]
[3, 72, False, 69.18852459016392]
[4, 104, False, 69.07549234135668]
[5, 127, False, 69.07309322033899]
[6, 134, False, 69.03893905191875]
[7, 165, False, 69.02225806451612]
[8, 148, False, 69.02186311787071]
[8, 158, False, 69.02186311787071]
[9, 159, False, 69.0214552238806]
[9, 160, False, 69.0214552238806]
[9, 161, False, 69.0214552238806]
[9, 162, False, 69.0214552238806]
[9, 163, False, 69.0214552238806]
[9, 164, False, 69.0214552238806]
[9, 166, False, 69.0214552238806]
[9, 167, False, 69.0214552238806]
[9, 168, False, 69.0214552238806]
[9, 172, False, 69.0214552238806]
[10, 93, False, 44.16666666666667]
[11, 91, False, 44.151724137931026]
[12, 90, False, 44.14473684210527]
[13, 99, False, 44.07119741100323]
[14, 128, False, 44.05641025641026]
[15, 138, False, 44.034591194968556]
[15, 141, False, 44.034591194968556]
[16, 112, False, 42.07664233576643]
[17, 118, False, 39.108333333333334]
[18, 73, False, 25.07621951219512]
[18, 75, False, 25.07621951219512]
[19, 81, False, 25.073964497041416]
[19, 126, False, 25.073964497041416]
[19, 133, False, 25.073964497041416]
[19, 135, False, 25.073964497041416]
[20, 58, False, 25.05434782608696]
[21, 119, False, 25.05]
[21, 124, False, 25.05]
[22, 56, False, 25.046468401486987]
[23, 61, False, 25.046125461254615]
[24, 120, False, 22.06875]
[25, 53, False, 11.061797752808987]
[26, 52, False, 8.049382716049383]
[27, 51, False, 4.044444444444444]
[28, 122, False, 2.027027027027027]
[29, 50, False, 2.0208333333333335]

Sus_Naish1:
[1, 169, False, 51.0]
[1, 171, False, 51.0]
[2, 50, False, -1.0]
[2, 51, False, -1.0]
[2, 52, False, -1.0]
[2, 53, False, -1.0]
[2, 56, False, -1.0]
[2, 58, False, -1.0]
[2, 61, False, -1.0]
[2, 63, True, -1.0]
[2, 72, False, -1.0]
[2, 73, False, -1.0]
[2, 75, False, -1.0]
[2, 81, False, -1.0]
[2, 90, False, -1.0]
[2, 91, False, -1.0]
[2, 93, False, -1.0]
[2, 99, False, -1.0]
[2, 104, False, -1.0]
[2, 112, False, -1.0]
[2, 118, False, -1.0]
[2, 119, False, -1.0]
[2, 120, False, -1.0]
[2, 122, False, -1.0]
[2, 124, False, -1.0]
[2, 126, False, -1.0]
[2, 127, False, -1.0]
[2, 128, False, -1.0]
[2, 133, False, -1.0]
[2, 134, False, -1.0]
[2, 135, False, -1.0]
[2, 138, False, -1.0]
[2, 141, False, -1.0]
[2, 148, False, -1.0]
[2, 158, False, -1.0]
[2, 159, False, -1.0]
[2, 160, False, -1.0]
[2, 161, False, -1.0]
[2, 162, False, -1.0]
[2, 163, False, -1.0]
[2, 164, False, -1.0]
[2, 165, False, -1.0]
[2, 166, False, -1.0]
[2, 167, False, -1.0]
[2, 168, False, -1.0]
[2, 172, False, -1.0]

