rank     line     is_fault_line     suspicious

Sus_Ochiai:
[1, 53, True, 0.9746794344808964]
[2, 58, False, 0.4100507199363927]
[2, 164, False, 0.4100507199363927]
[2, 165, False, 0.4100507199363927]
[3, 75, False, 0.32956863892669763]
[4, 109, False, 0.32646431254950525]
[5, 72, False, 0.3244428422615251]
[5, 73, False, 0.3244428422615251]
[5, 79, False, 0.3244428422615251]
[5, 90, False, 0.3244428422615251]
[5, 104, False, 0.3244428422615251]
[5, 126, False, 0.3244428422615251]
[5, 127, False, 0.3244428422615251]
[5, 133, False, 0.3244428422615251]
[5, 134, False, 0.3244428422615251]
[5, 135, False, 0.3244428422615251]
[5, 138, False, 0.3244428422615251]
[6, 163, False, 0.3086520665837342]
[7, 63, False, 0.2658121372050349]
[8, 56, False, 0.26003011049297603]
[9, 166, False, 0.25859826955236936]
[10, 118, False, 0.24418146109067213]
[10, 119, False, 0.24418146109067213]
[10, 148, False, 0.24418146109067213]
[10, 158, False, 0.24418146109067213]
[10, 159, False, 0.24418146109067213]
[10, 160, False, 0.24418146109067213]
[11, 124, False, 0.23193488411592061]
[12, 168, False, 0.20519567041703082]
[13, 120, False, 0.2029530274475215]
[13, 122, False, 0.2029530274475215]
[13, 161, False, 0.2029530274475215]
[14, 167, False, 0.18050333413564754]
[15, 169, False, 0.1617230438511963]
[16, 61, False, 0.10972947492781553]
[16, 172, False, 0.10972947492781553]
[17, 162, False, 0.10870105978328799]
[17, 171, False, 0.10870105978328799]
[18, 97, False, 0.021030505843376807]
[19, 99, False, 0.020855975806414705]
[20, 128, False, 0.011616917255955381]
[21, 50, False, 0.0]
[21, 51, False, 0.0]
[21, 52, False, 0.0]
[21, 81, False, 0.0]
[21, 91, False, 0.0]
[21, 93, False, 0.0]
[21, 112, False, 0.0]
[21, 141, False, 0.0]

Sus_Op2:
[1, 53, True, 18.99937106918239]
[2, 58, False, 18.940880503144655]
[2, 164, False, 18.940880503144655]
[2, 165, False, 18.940880503144655]
[3, 56, False, 18.835220125786165]
[4, 134, False, 18.454716981132076]
[5, 61, False, 18.019496855345913]
[5, 158, False, 18.019496855345913]
[5, 172, False, 18.019496855345913]
[6, 63, False, 18.00062893081761]
[6, 159, False, 18.00062893081761]
[6, 160, False, 18.00062893081761]
[6, 161, False, 18.00062893081761]
[6, 162, False, 18.00062893081761]
[6, 163, False, 18.00062893081761]
[6, 166, False, 18.00062893081761]
[6, 167, False, 18.00062893081761]
[6, 168, False, 18.00062893081761]
[6, 169, False, 18.00062893081761]
[6, 171, False, 18.00062893081761]
[7, 75, False, 17.912578616352203]
[8, 109, False, 17.91069182389937]
[9, 72, False, 17.90943396226415]
[9, 73, False, 17.90943396226415]
[9, 79, False, 17.90943396226415]
[9, 90, False, 17.90943396226415]
[9, 104, False, 17.90943396226415]
[9, 126, False, 17.90943396226415]
[9, 127, False, 17.90943396226415]
[9, 133, False, 17.90943396226415]
[9, 135, False, 17.90943396226415]
[9, 138, False, 17.90943396226415]
[10, 118, False, 17.831446540880503]
[10, 119, False, 17.831446540880503]
[10, 148, False, 17.831446540880503]
[11, 124, False, 17.811949685534593]
[12, 120, False, 8.90314465408805]
[13, 122, False, 5.9748427672955975]
[14, 97, False, 0.9257861635220126]
[15, 99, False, 0.9245283018867925]
[16, 128, False, 0.7553459119496855]
[17, 50, False, 0.0]
[17, 81, False, 0.0]
[17, 91, False, 0.0]
[17, 93, False, 0.0]
[17, 141, False, 0.0]
[18, 51, False, -0.027672955974842768]
[19, 52, False, -0.04654088050314465]
[20, 112, False, -0.0779874213836478]

Sus_Tarantula:
[1, 53, True, 0.99937106918239]
[2, 58, False, 0.9441473559120619]
[2, 164, False, 0.9441473559120619]
[2, 165, False, 0.9441473559120619]
[3, 168, False, 0.9278832116788321]
[4, 118, False, 0.9261705848066835]
[4, 120, False, 0.9261705848066835]
[4, 122, False, 0.9261705848066835]
[4, 126, False, 0.9261705848066835]
[4, 160, False, 0.9261705848066835]
[4, 161, False, 0.9261705848066835]
[5, 75, False, 0.9154690650705758]
[6, 109, False, 0.9138019169329074]
[7, 72, False, 0.9126938541068351]
[7, 73, False, 0.9126938541068351]
[7, 79, False, 0.9126938541068351]
[7, 90, False, 0.9126938541068351]
[7, 104, False, 0.9126938541068351]
[7, 127, False, 0.9126938541068351]
[7, 133, False, 0.9126938541068351]
[7, 134, False, 0.9126938541068351]
[7, 135, False, 0.9126938541068351]
[7, 138, False, 0.9126938541068351]
[8, 63, False, 0.9077406455298486]
[9, 163, False, 0.9033827105903162]
[10, 166, False, 0.8639782510194834]
[11, 119, False, 0.8595384060584206]
[12, 56, False, 0.8584548892490547]
[13, 148, False, 0.8488751706535287]
[13, 158, False, 0.8488751706535287]
[13, 159, False, 0.8488751706535287]
[14, 169, False, 0.8457751164337991]
[15, 124, False, 0.8342910480413033]
[16, 171, False, 0.8310669456066945]
[17, 167, False, 0.8070086338242763]
[18, 162, False, 0.676458067262665]
[19, 61, False, 0.5047649301143583]
[19, 172, False, 0.5047649301143583]
[20, 97, False, 0.41477421038893236]
[21, 99, False, 0.41070043939002326]
[22, 128, False, 0.17694877505567927]
[23, 50, False, 0.0]
[23, 51, False, 0.0]
[23, 52, False, 0.0]
[23, 81, False, 0.0]
[23, 91, False, 0.0]
[23, 93, False, 0.0]
[23, 112, False, 0.0]
[23, 141, False, 0.0]

Sus_Dstar3:
[1, 53, True, 6859.0]
[2, 58, False, 72.96808510638297]
[2, 164, False, 72.96808510638297]
[2, 165, False, 72.96808510638297]
[3, 75, False, 41.65714285714286]
[4, 109, False, 40.78321678321678]
[5, 72, False, 40.220689655172414]
[5, 73, False, 40.220689655172414]
[5, 79, False, 40.220689655172414]
[5, 90, False, 40.220689655172414]
[5, 104, False, 40.220689655172414]
[5, 126, False, 40.220689655172414]
[5, 127, False, 40.220689655172414]
[5, 133, False, 40.220689655172414]
[5, 134, False, 40.220689655172414]
[5, 135, False, 40.220689655172414]
[5, 138, False, 40.220689655172414]
[6, 163, False, 36.0]
[7, 56, False, 26.1793893129771]
[8, 63, False, 25.92]
[9, 166, False, 24.50420168067227]
[10, 118, False, 21.680297397769518]
[10, 119, False, 21.680297397769518]
[10, 148, False, 21.680297397769518]
[10, 158, False, 21.680297397769518]
[10, 159, False, 21.680297397769518]
[10, 160, False, 21.680297397769518]
[11, 124, False, 19.44]
[12, 167, False, 8.259398496240602]
[13, 120, False, 4.445121951219512]
[13, 169, False, 4.445121951219512]
[14, 61, False, 4.399615137908916]
[14, 172, False, 4.399615137908916]
[15, 161, False, 4.316551290119572]
[15, 162, False, 4.316551290119572]
[15, 168, False, 4.316551290119572]
[15, 171, False, 4.316551290119572]
[16, 122, False, 4.0754716981132075]
[17, 97, False, 0.007352941176470588]
[18, 99, False, 0.007246376811594203]
[19, 128, False, 0.002457002457002457]
[20, 50, False, 0.0]
[20, 51, False, 0.0]
[20, 52, False, 0.0]
[20, 81, False, 0.0]
[20, 91, False, 0.0]
[20, 93, False, 0.0]
[20, 112, False, 0.0]
[20, 141, False, 0.0]

Sus_GP13:
[1, 53, True, 19.474999999999998]
[2, 58, False, 19.084070796460175]
[2, 164, False, 19.084070796460175]
[2, 165, False, 19.084070796460175]
[3, 56, False, 19.033807829181494]
[4, 134, False, 19.010722347629798]
[5, 61, False, 19.006020278833965]
[5, 158, False, 19.006020278833965]
[5, 172, False, 19.006020278833965]
[6, 63, False, 19.005907960199004]
[6, 159, False, 19.005907960199004]
[6, 160, False, 19.005907960199004]
[6, 161, False, 19.005907960199004]
[6, 162, False, 19.005907960199004]
[6, 163, False, 19.005907960199004]
[6, 166, False, 19.005907960199004]
[6, 167, False, 19.005907960199004]
[6, 168, False, 19.005907960199004]
[6, 169, False, 19.005907960199004]
[6, 171, False, 19.005907960199004]
[7, 75, False, 18.057324840764334]
[8, 109, False, 18.056250000000002]
[9, 72, False, 18.055555555555557]
[9, 73, False, 18.055555555555557]
[9, 79, False, 18.055555555555557]
[9, 90, False, 18.055555555555557]
[9, 104, False, 18.055555555555557]
[9, 126, False, 18.055555555555557]
[9, 127, False, 18.055555555555557]
[9, 133, False, 18.055555555555557]
[9, 135, False, 18.055555555555557]
[9, 138, False, 18.055555555555557]
[10, 118, False, 18.03146853146853]
[10, 119, False, 18.03146853146853]
[10, 148, False, 18.03146853146853]
[11, 124, False, 18.028391167192428]
[12, 120, False, 9.02760736196319]
[13, 122, False, 6.065217391304348]
[14, 97, False, 1.004201680672269]
[15, 99, False, 1.0041322314049588]
[16, 128, False, 1.0012820512820513]
[17, 50, False, 0.0]
[17, 51, False, 0.0]
[17, 52, False, 0.0]
[17, 81, False, 0.0]
[17, 91, False, 0.0]
[17, 93, False, 0.0]
[17, 112, False, 0.0]
[17, 141, False, 0.0]

Sus_Naish1:
[1, 53, True, 18.0]
[2, 50, False, -1.0]
[2, 51, False, -1.0]
[2, 52, False, -1.0]
[2, 56, False, -1.0]
[2, 58, False, -1.0]
[2, 61, False, -1.0]
[2, 63, False, -1.0]
[2, 72, False, -1.0]
[2, 73, False, -1.0]
[2, 75, False, -1.0]
[2, 79, False, -1.0]
[2, 81, False, -1.0]
[2, 90, False, -1.0]
[2, 91, False, -1.0]
[2, 93, False, -1.0]
[2, 97, False, -1.0]
[2, 99, False, -1.0]
[2, 104, False, -1.0]
[2, 109, False, -1.0]
[2, 112, False, -1.0]
[2, 118, False, -1.0]
[2, 119, False, -1.0]
[2, 120, False, -1.0]
[2, 122, False, -1.0]
[2, 124, False, -1.0]
[2, 126, False, -1.0]
[2, 127, False, -1.0]
[2, 128, False, -1.0]
[2, 133, False, -1.0]
[2, 134, False, -1.0]
[2, 135, False, -1.0]
[2, 138, False, -1.0]
[2, 141, False, -1.0]
[2, 148, False, -1.0]
[2, 158, False, -1.0]
[2, 159, False, -1.0]
[2, 160, False, -1.0]
[2, 161, False, -1.0]
[2, 162, False, -1.0]
[2, 163, False, -1.0]
[2, 164, False, -1.0]
[2, 165, False, -1.0]
[2, 166, False, -1.0]
[2, 167, False, -1.0]
[2, 168, False, -1.0]
[2, 169, False, -1.0]
[2, 171, False, -1.0]
[3, 172, False, -1540.0]

