rank     line     is_fault_line     suspicious

Sus_Ochiai:
[1, 90, True, 1.0]
[2, 97, False, 0.23477246481693817]
[3, 112, False, 0.23294541397390262]
[4, 99, False, 0.23028309323591914]
[4, 109, False, 0.23028309323591914]
[4, 127, False, 0.23028309323591914]
[4, 133, False, 0.23028309323591914]
[4, 136, False, 0.23028309323591914]
[4, 141, False, 0.23028309323591914]
[5, 162, False, 0.20786985482077452]
[6, 161, False, 0.18755233775398514]
[7, 119, False, 0.17694958208152353]
[8, 165, False, 0.16903085094570333]
[9, 169, False, 0.16769461772638442]
[10, 166, False, 0.16666666666666666]
[11, 124, False, 0.1607179464234876]
[12, 118, False, 0.15925551431765153]
[12, 128, False, 0.15925551431765153]
[12, 148, False, 0.15925551431765153]
[12, 158, False, 0.15925551431765153]
[12, 159, False, 0.15925551431765153]
[12, 160, False, 0.15925551431765153]
[12, 172, False, 0.15925551431765153]
[13, 163, False, 0.14712247158412492]
[14, 126, False, 0.13736056394868904]
[15, 167, False, 0.12417126158110488]
[16, 58, False, 0.11214032600406415]
[17, 135, False, 0.09712858623572641]
[18, 52, False, 0.08359173188630292]
[19, 53, False, 0.07593111953288306]
[20, 171, False, 0.06660326516238906]
[21, 164, False, 0.06597904084514848]
[21, 168, False, 0.06597904084514848]
[22, 120, False, 0.05957554687344993]
[23, 61, False, 0.0501727663385645]
[24, 51, False, 0.031943828249996996]
[25, 50, False, 0.0]
[25, 56, False, 0.0]
[25, 63, False, 0.0]
[25, 72, False, 0.0]
[25, 73, False, 0.0]
[25, 75, False, 0.0]
[25, 81, False, 0.0]
[25, 91, False, 0.0]
[25, 104, False, 0.0]
[25, 122, False, 0.0]

Sus_Op2:
[1, 90, True, 7.0]
[2, 97, False, 6.925093632958801]
[3, 112, False, 6.9238451935081144]
[4, 99, False, 6.921972534332085]
[4, 109, False, 6.921972534332085]
[4, 127, False, 6.921972534332085]
[4, 133, False, 6.921972534332085]
[4, 136, False, 6.921972534332085]
[4, 141, False, 6.921972534332085]
[5, 162, False, 6.903245942571785]
[6, 161, False, 6.880149812734082]
[7, 165, False, 6.8514357053682895]
[8, 166, False, 6.847066167290887]
[9, 124, False, 6.835205992509363]
[10, 118, False, 6.832084893882647]
[10, 119, False, 6.832084893882647]
[10, 128, False, 6.832084893882647]
[10, 148, False, 6.832084893882647]
[10, 158, False, 6.832084893882647]
[10, 159, False, 6.832084893882647]
[10, 160, False, 6.832084893882647]
[10, 172, False, 6.832084893882647]
[11, 126, False, 6.772784019975031]
[12, 167, False, 6.7209737827715355]
[13, 135, False, 6.5411985018726595]
[14, 171, False, 6.019350811485643]
[15, 163, False, 6.000624219725343]
[15, 164, False, 6.000624219725343]
[15, 168, False, 6.000624219725343]
[15, 169, False, 6.000624219725343]
[16, 58, False, 4.825842696629214]
[17, 52, False, 2.887016229712859]
[18, 53, False, 2.8626716604244695]
[19, 120, False, 1.900749063670412]
[20, 61, False, 1.8595505617977528]
[21, 51, False, 0.9132334581772784]
[22, 50, False, 0.0]
[22, 56, False, 0.0]
[22, 63, False, 0.0]
[22, 75, False, 0.0]
[22, 81, False, 0.0]
[22, 104, False, 0.0]
[22, 122, False, 0.0]
[23, 72, False, -0.011235955056179775]
[24, 91, False, -0.05867665418227216]
[25, 73, False, -0.0867665418227216]

Sus_Tarantula:
[1, 90, True, 1.0]
[2, 97, False, 0.9870530209617755]
[3, 119, False, 0.9298678669957893]
[4, 112, False, 0.9291932675565873]
[5, 99, False, 0.9275782155272305]
[5, 109, False, 0.9275782155272305]
[5, 127, False, 0.9275782155272305]
[5, 133, False, 0.9275782155272305]
[5, 136, False, 0.9275782155272305]
[5, 141, False, 0.9275782155272305]
[6, 162, False, 0.9117312072892938]
[7, 169, False, 0.9036008578846372]
[8, 161, False, 0.8929168990518684]
[9, 163, False, 0.8772602739726028]
[10, 165, False, 0.8705818379554107]
[11, 166, False, 0.8672806067172265]
[12, 124, False, 0.8584450402144772]
[13, 118, False, 0.8561497326203208]
[13, 128, False, 0.8561497326203208]
[13, 148, False, 0.8561497326203208]
[13, 158, False, 0.8561497326203208]
[13, 159, False, 0.8561497326203208]
[13, 160, False, 0.8561497326203208]
[13, 172, False, 0.8561497326203208]
[14, 126, False, 0.8147582697201018]
[15, 58, False, 0.8038762803775859]
[16, 52, False, 0.7912685337726525]
[17, 167, False, 0.78173828125]
[18, 168, False, 0.7734299516908212]
[19, 53, False, 0.7572126753901939]
[20, 120, False, 0.7420625724217844]
[21, 135, False, 0.6853595890410958]
[22, 61, False, 0.6702951643290769]
[23, 51, False, 0.621989121989122]
[24, 164, False, 0.5423441734417344]
[25, 171, False, 0.5047288776796974]
[26, 50, False, 0.0]
[26, 56, False, 0.0]
[26, 63, False, 0.0]
[26, 72, False, 0.0]
[26, 73, False, 0.0]
[26, 75, False, 0.0]
[26, 81, False, 0.0]
[26, 91, False, 0.0]
[26, 104, False, 0.0]
[26, 122, False, 0.0]

Sus_Dstar3:
[1, 90, True, 1.7976931348623157e+308]
[2, 97, False, 2.8583333333333334]
[3, 112, False, 2.8114754098360657]
[4, 99, False, 2.744]
[4, 109, False, 2.744]
[4, 127, False, 2.744]
[4, 133, False, 2.744]
[4, 136, False, 2.744]
[4, 141, False, 2.744]
[5, 162, False, 2.2129032258064516]
[6, 161, False, 1.7864583333333333]
[7, 165, False, 1.4411764705882353]
[8, 166, False, 1.4]
[9, 124, False, 1.2992424242424243]
[10, 118, False, 1.275092936802974]
[10, 119, False, 1.275092936802974]
[10, 128, False, 1.275092936802974]
[10, 148, False, 1.275092936802974]
[10, 158, False, 1.275092936802974]
[10, 159, False, 1.275092936802974]
[10, 160, False, 1.275092936802974]
[10, 172, False, 1.275092936802974]
[11, 169, False, 1.0080645161290323]
[12, 126, False, 0.9423076923076923]
[13, 163, False, 0.7716049382716049]
[14, 167, False, 0.767337807606264]
[15, 135, False, 0.4666666666666667]
[16, 58, False, 0.44483985765124556]
[17, 171, False, 0.21833227243793762]
[18, 164, False, 0.21424109931292942]
[18, 168, False, 0.21424109931292942]
[19, 52, False, 0.14594594594594595]
[20, 53, False, 0.12053571428571429]
[21, 120, False, 0.04878048780487805]
[22, 61, False, 0.034782608695652174]
[23, 51, False, 0.006896551724137931]
[24, 50, False, 0.0]
[24, 56, False, 0.0]
[24, 63, False, 0.0]
[24, 72, False, 0.0]
[24, 73, False, 0.0]
[24, 75, False, 0.0]
[24, 81, False, 0.0]
[24, 91, False, 0.0]
[24, 104, False, 0.0]
[24, 122, False, 0.0]

Sus_GP13:
[1, 90, True, 7.5]
[2, 97, False, 7.02755905511811]
[3, 112, False, 7.0271317829457365]
[4, 99, False, 7.026515151515152]
[4, 109, False, 7.026515151515152]
[4, 127, False, 7.026515151515152]
[4, 133, False, 7.026515151515152]
[4, 136, False, 7.026515151515152]
[4, 141, False, 7.026515151515152]
[5, 162, False, 7.021604938271605]
[6, 161, False, 7.017587939698492]
[7, 165, False, 7.014285714285714]
[8, 166, False, 7.013888888888889]
[9, 124, False, 7.012915129151292]
[10, 118, False, 7.012681159420289]
[10, 119, False, 7.012681159420289]
[10, 128, False, 7.012681159420289]
[10, 148, False, 7.012681159420289]
[10, 158, False, 7.012681159420289]
[10, 159, False, 7.012681159420289]
[10, 160, False, 7.012681159420289]
[10, 172, False, 7.012681159420289]
[11, 126, False, 7.0094339622641515]
[12, 167, False, 7.007709251101321]
[13, 135, False, 7.004716981132075]
[14, 171, False, 7.002217997465145]
[15, 163, False, 7.002176616915423]
[15, 164, False, 7.002176616915423]
[15, 168, False, 7.002176616915423]
[15, 169, False, 7.002176616915423]
[16, 58, False, 5.008802816901409]
[17, 52, False, 3.008152173913044]
[18, 53, False, 3.006726457399103]
[19, 120, False, 2.0062111801242235]
[20, 61, False, 2.004405286343612]
[21, 51, False, 1.0035714285714286]
[22, 50, False, 0.0]
[22, 56, False, 0.0]
[22, 63, False, 0.0]
[22, 72, False, 0.0]
[22, 73, False, 0.0]
[22, 75, False, 0.0]
[22, 81, False, 0.0]
[22, 91, False, 0.0]
[22, 104, False, 0.0]
[22, 122, False, 0.0]

Sus_Naish1:
[1, 90, True, 7.0]
[2, 50, False, -1.0]
[2, 51, False, -1.0]
[2, 52, False, -1.0]
[2, 53, False, -1.0]
[2, 56, False, -1.0]
[2, 58, False, -1.0]
[2, 61, False, -1.0]
[2, 63, False, -1.0]
[2, 72, False, -1.0]
[2, 73, False, -1.0]
[2, 75, False, -1.0]
[2, 81, False, -1.0]
[2, 91, False, -1.0]
[2, 97, False, -1.0]
[2, 99, False, -1.0]
[2, 104, False, -1.0]
[2, 109, False, -1.0]
[2, 118, False, -1.0]
[2, 119, False, -1.0]
[2, 120, False, -1.0]
[2, 122, False, -1.0]
[2, 124, False, -1.0]
[2, 126, False, -1.0]
[2, 127, False, -1.0]
[2, 128, False, -1.0]
[2, 136, False, -1.0]
[2, 148, False, -1.0]
[2, 159, False, -1.0]
[2, 160, False, -1.0]
[2, 161, False, -1.0]
[2, 162, False, -1.0]
[2, 163, False, -1.0]
[2, 164, False, -1.0]
[2, 165, False, -1.0]
[2, 166, False, -1.0]
[2, 167, False, -1.0]
[2, 168, False, -1.0]
[2, 169, False, -1.0]
[2, 171, False, -1.0]
[2, 172, False, -1.0]
[3, 112, False, -115.0]
[4, 133, False, -118.0]
[4, 141, False, -118.0]
[5, 158, False, -262.0]
[6, 135, False, -728.0]

