rank     line     is_fault_line     suspicious

Sus_Ochiai:
[1, 90, False, 0.31622776601683794]
[2, 72, False, 0.11396057645963795]
[2, 171, False, 0.11396057645963795]
[3, 79, False, 0.10314212462587934]
[4, 99, False, 0.09090909090909091]
[5, 97, False, 0.09016696346674323]
[5, 118, False, 0.09016696346674323]
[6, 119, False, 0.08944271909999159]
[7, 104, False, 0.0890870806374748]
[7, 109, False, 0.0890870806374748]
[7, 127, False, 0.0890870806374748]
[7, 128, False, 0.0890870806374748]
[7, 135, False, 0.0890870806374748]
[7, 136, False, 0.0890870806374748]
[7, 141, False, 0.0890870806374748]
[7, 148, False, 0.0890870806374748]
[8, 162, False, 0.08111071056538127]
[9, 120, False, 0.08006407690254357]
[9, 169, False, 0.08006407690254357]
[10, 160, False, 0.07392212709545729]
[11, 161, False, 0.07198157507486945]
[12, 163, False, 0.07142857142857142]
[13, 166, False, 0.06468462273531508]
[14, 165, False, 0.06375767130633382]
[15, 124, False, 0.061898446059017294]
[15, 126, False, 0.061898446059017294]
[16, 58, False, 0.06085806194501846]
[16, 133, False, 0.06085806194501846]
[16, 158, False, 0.06085806194501846]
[16, 159, False, 0.06085806194501846]
[17, 63, False, 0.05976143046671968]
[18, 167, False, 0.0472455591261534]
[19, 172, False, 0.025173668017796205]
[20, 164, False, 0.024937733402690822]
[20, 168, False, 0.024937733402690822]
[21, 50, False, 0.0]
[21, 51, False, 0.0]
[21, 52, False, 0.0]
[21, 53, True, 0.0]
[21, 56, False, 0.0]
[21, 61, False, 0.0]
[21, 73, False, 0.0]
[21, 81, False, 0.0]
[21, 91, False, 0.0]
[21, 112, False, 0.0]
[21, 122, False, 0.0]

Sus_Op2:
[1, 90, False, 0.9944029850746269]
[2, 72, False, 0.9527363184079602]
[2, 171, False, 0.9527363184079602]
[3, 79, False, 0.9421641791044776]
[4, 99, False, 0.9253731343283582]
[5, 97, False, 0.9241293532338308]
[5, 118, False, 0.9241293532338308]
[6, 119, False, 0.9228855721393034]
[7, 104, False, 0.9222636815920398]
[7, 109, False, 0.9222636815920398]
[7, 127, False, 0.9222636815920398]
[7, 128, False, 0.9222636815920398]
[7, 135, False, 0.9222636815920398]
[7, 136, False, 0.9222636815920398]
[7, 141, False, 0.9222636815920398]
[7, 148, False, 0.9222636815920398]
[8, 162, False, 0.9060945273631841]
[9, 120, False, 0.9036069651741293]
[9, 169, False, 0.9036069651741293]
[10, 160, False, 0.8868159203980099]
[11, 161, False, 0.8805970149253731]
[12, 163, False, 0.878731343283582]
[13, 166, False, 0.8519900497512438]
[14, 165, False, 0.847636815920398]
[15, 124, False, 0.8383084577114428]
[15, 126, False, 0.8383084577114428]
[16, 58, False, 0.8327114427860697]
[16, 133, False, 0.8327114427860697]
[16, 158, False, 0.8327114427860697]
[16, 159, False, 0.8327114427860697]
[17, 63, False, 0.8264925373134329]
[18, 167, False, 0.7220149253731343]
[19, 172, False, 0.01927860696517414]
[20, 164, False, 0.0006218905472636926]
[20, 168, False, 0.0006218905472636926]
[21, 50, False, 0.0]
[21, 53, True, 0.0]
[21, 56, False, 0.0]
[21, 61, False, 0.0]
[21, 81, False, 0.0]
[21, 91, False, 0.0]
[21, 112, False, 0.0]
[21, 122, False, 0.0]
[22, 51, False, -0.02736318407960199]
[23, 52, False, -0.046019900497512436]
[24, 73, False, -0.08955223880597014]

Sus_Tarantula:
[1, 90, False, 0.994430693069307]
[2, 72, False, 0.9548425430778371]
[2, 171, False, 0.9548425430778371]
[3, 79, False, 0.9452941176470588]
[4, 99, False, 0.9305153445280835]
[5, 97, False, 0.929438982070561]
[5, 118, False, 0.929438982070561]
[6, 119, False, 0.9283651068746389]
[7, 104, False, 0.9278290993071594]
[7, 109, False, 0.9278290993071594]
[7, 127, False, 0.9278290993071594]
[7, 128, False, 0.9278290993071594]
[7, 135, False, 0.9278290993071594]
[7, 136, False, 0.9278290993071594]
[7, 141, False, 0.9278290993071594]
[7, 148, False, 0.9278290993071594]
[8, 162, False, 0.9141069397042094]
[9, 120, False, 0.9120317820658342]
[9, 169, False, 0.9120317820658342]
[10, 160, False, 0.8982671883733929]
[11, 161, False, 0.8932740411339632]
[12, 163, False, 0.8917869034406215]
[13, 166, False, 0.8710027100271003]
[14, 165, False, 0.8677105831533477]
[15, 124, False, 0.8607391537225496]
[15, 126, False, 0.8607391537225496]
[16, 58, False, 0.8566098081023453]
[16, 133, False, 0.8566098081023453]
[16, 158, False, 0.8566098081023453]
[16, 159, False, 0.8566098081023453]
[17, 63, False, 0.852067868504772]
[18, 167, False, 0.7823758519961052]
[19, 172, False, 0.5047110552763818]
[20, 164, False, 0.5]
[20, 168, False, 0.5]
[21, 50, False, 0.0]
[21, 51, False, 0.0]
[21, 52, False, 0.0]
[21, 53, True, 0.0]
[21, 56, False, 0.0]
[21, 61, False, 0.0]
[21, 73, False, 0.0]
[21, 81, False, 0.0]
[21, 91, False, 0.0]
[21, 112, False, 0.0]
[21, 122, False, 0.0]

Sus_Dstar3:
[1, 90, False, 0.1111111111111111]
[2, 72, False, 0.013157894736842105]
[2, 171, False, 0.013157894736842105]
[3, 79, False, 0.010752688172043012]
[4, 99, False, 0.008333333333333333]
[5, 97, False, 0.00819672131147541]
[5, 118, False, 0.00819672131147541]
[6, 119, False, 0.008064516129032258]
[7, 104, False, 0.008]
[7, 109, False, 0.008]
[7, 127, False, 0.008]
[7, 128, False, 0.008]
[7, 135, False, 0.008]
[7, 136, False, 0.008]
[7, 141, False, 0.008]
[7, 148, False, 0.008]
[8, 162, False, 0.006622516556291391]
[9, 120, False, 0.0064516129032258064]
[9, 169, False, 0.0064516129032258064]
[10, 160, False, 0.005494505494505495]
[11, 161, False, 0.005208333333333333]
[12, 163, False, 0.005128205128205128]
[13, 166, False, 0.004201680672268907]
[14, 165, False, 0.004081632653061225]
[15, 124, False, 0.0038461538461538464]
[15, 126, False, 0.0038461538461538464]
[16, 58, False, 0.0037174721189591076]
[16, 133, False, 0.0037174721189591076]
[16, 158, False, 0.0037174721189591076]
[16, 159, False, 0.0037174721189591076]
[17, 63, False, 0.0035842293906810036]
[18, 167, False, 0.0022371364653243847]
[19, 172, False, 0.0006341154090044388]
[20, 164, False, 0.0006222775357809583]
[20, 168, False, 0.0006222775357809583]
[21, 50, False, 0.0]
[21, 51, False, 0.0]
[21, 52, False, 0.0]
[21, 53, True, 0.0]
[21, 56, False, 0.0]
[21, 61, False, 0.0]
[21, 73, False, 0.0]
[21, 81, False, 0.0]
[21, 91, False, 0.0]
[21, 112, False, 0.0]
[21, 122, False, 0.0]

Sus_GP13:
[1, 90, False, 1.05]
[2, 72, False, 1.0064935064935066]
[2, 171, False, 1.0064935064935066]
[3, 79, False, 1.0053191489361701]
[4, 99, False, 1.0041322314049588]
[5, 97, False, 1.0040650406504066]
[5, 118, False, 1.0040650406504066]
[6, 119, False, 1.004]
[7, 104, False, 1.003968253968254]
[7, 109, False, 1.003968253968254]
[7, 127, False, 1.003968253968254]
[7, 128, False, 1.003968253968254]
[7, 135, False, 1.003968253968254]
[7, 136, False, 1.003968253968254]
[7, 141, False, 1.003968253968254]
[7, 148, False, 1.003968253968254]
[8, 162, False, 1.0032894736842106]
[9, 120, False, 1.0032051282051282]
[9, 169, False, 1.0032051282051282]
[10, 160, False, 1.0027322404371584]
[11, 161, False, 1.0025906735751295]
[12, 163, False, 1.0025510204081634]
[13, 166, False, 1.002092050209205]
[14, 165, False, 1.0020325203252032]
[15, 124, False, 1.0019157088122606]
[15, 126, False, 1.0019157088122606]
[16, 58, False, 1.0018518518518518]
[16, 133, False, 1.0018518518518518]
[16, 158, False, 1.0018518518518518]
[16, 159, False, 1.0018518518518518]
[17, 63, False, 1.0017857142857143]
[18, 167, False, 1.0011160714285714]
[19, 172, False, 1.000316856780735]
[20, 164, False, 1.0003109452736318]
[20, 168, False, 1.0003109452736318]
[21, 50, False, 0.0]
[21, 51, False, 0.0]
[21, 52, False, 0.0]
[21, 53, True, 0.0]
[21, 56, False, 0.0]
[21, 61, False, 0.0]
[21, 73, False, 0.0]
[21, 81, False, 0.0]
[21, 91, False, 0.0]
[21, 112, False, 0.0]
[21, 122, False, 0.0]

Sus_Naish1:
[1, 50, False, -1.0]
[1, 51, False, -1.0]
[1, 52, False, -1.0]
[1, 53, True, -1.0]
[1, 56, False, -1.0]
[1, 58, False, -1.0]
[1, 61, False, -1.0]
[1, 63, False, -1.0]
[1, 72, False, -1.0]
[1, 73, False, -1.0]
[1, 79, False, -1.0]
[1, 81, False, -1.0]
[1, 90, False, -1.0]
[1, 91, False, -1.0]
[1, 97, False, -1.0]
[1, 99, False, -1.0]
[1, 104, False, -1.0]
[1, 109, False, -1.0]
[1, 112, False, -1.0]
[1, 118, False, -1.0]
[1, 119, False, -1.0]
[1, 120, False, -1.0]
[1, 122, False, -1.0]
[1, 124, False, -1.0]
[1, 126, False, -1.0]
[1, 127, False, -1.0]
[1, 128, False, -1.0]
[1, 133, False, -1.0]
[1, 135, False, -1.0]
[1, 136, False, -1.0]
[1, 158, False, -1.0]
[1, 160, False, -1.0]
[1, 161, False, -1.0]
[1, 162, False, -1.0]
[1, 163, False, -1.0]
[1, 164, False, -1.0]
[1, 165, False, -1.0]
[1, 166, False, -1.0]
[1, 167, False, -1.0]
[1, 168, False, -1.0]
[1, 169, False, -1.0]
[1, 171, False, -1.0]
[2, 141, False, -124.0]
[2, 148, False, -124.0]
[3, 159, False, -268.0]
[4, 172, False, -1576.0]

