Sus_Jaccard:
(136, 0.0005773672055427252)
(79, 0.0004965243296921549)
(97, 0.0004965243296921549)
(56, 0.0004608294930875576)
(58, 0.0004608294930875576)
(107, 0.00045682960255824577)
(109, 0.00045682960255824577)
(102, 0.00045248868778280545)
(104, 0.00045248868778280545)
(135, 0.00042589437819420784)
(61, 0.0004012841091492777)
(63, 0.0004012841091492777)
(66, 0.0004012841091492777)
(72, 0.0004012841091492777)
(73, 0.0004012841091492777)
(81, 0.0004012841091492777)
(84, 0.0004012841091492777)
(90, 0.0004012841091492777)
(91, 0.0004012841091492777)
(99, 0.0004012841091492777)
(126, 0.0004012841091492777)
(127, 0.0004012841091492777)
(128, 0.0004012841091492777)
(133, 0.0004012841091492777)
(48, 0.000314070351758794)
(50, 0.000314070351758794)
(51, 0.000314070351758794)
(52, 0.000314070351758794)
(53, 0.000314070351758794)
(54, 0.000314070351758794)
(112, 0.000314070351758794)
(118, 0.000314070351758794)
(119, 0.000314070351758794)
(120, 0.000314070351758794)
(122, 0.000314070351758794)
(124, 0.000314070351758794)
(141, 0.000314070351758794)
(157, 0.000314070351758794)
(158, 0.000314070351758794)
(159, 0.000314070351758794)
(160, 0.000314070351758794)
(161, 0.000314070351758794)
(162, 0.000314070351758794)
(163, 0.000314070351758794)
(164, 0.000314070351758794)
(165, 0.000314070351758794)
(166, 0.000314070351758794)
(167, 0.000314070351758794)
(168, 0.000314070351758794)
(169, 0.000314070351758794)
(171, 0.000314070351758794)
(172, 0.000314070351758794)
(144, 0.00031113876789047915)
(148, 0.00031113876789047915)

Sus_Ochiai:
(136, 0.0890870806374748)
(79, 0.04950737714883372)
(97, 0.04950737714883372)
(56, 0.04210759605332595)
(58, 0.04210759605332595)
(107, 0.041415768328129106)
(109, 0.041415768328129106)
(102, 0.04068942293855797)
(104, 0.04068942293855797)
(135, 0.036711154910717615)
(61, 0.03359565703416979)
(63, 0.03359565703416979)
(66, 0.03359565703416979)
(72, 0.03359565703416979)
(73, 0.03359565703416979)
(81, 0.03359565703416979)
(84, 0.03359565703416979)
(90, 0.03359565703416979)
(91, 0.03359565703416979)
(99, 0.03359565703416979)
(126, 0.03359565703416979)
(127, 0.03359565703416979)
(128, 0.03359565703416979)
(133, 0.03359565703416979)
(48, 0.025173668017796205)
(50, 0.025173668017796205)
(51, 0.025173668017796205)
(52, 0.025173668017796205)
(53, 0.025173668017796205)
(54, 0.025173668017796205)
(112, 0.025173668017796205)
(118, 0.025173668017796205)
(119, 0.025173668017796205)
(120, 0.025173668017796205)
(122, 0.025173668017796205)
(124, 0.025173668017796205)
(141, 0.025173668017796205)
(157, 0.025173668017796205)
(158, 0.025173668017796205)
(159, 0.025173668017796205)
(160, 0.025173668017796205)
(161, 0.025173668017796205)
(162, 0.025173668017796205)
(163, 0.025173668017796205)
(164, 0.025173668017796205)
(165, 0.025173668017796205)
(166, 0.025173668017796205)
(167, 0.025173668017796205)
(168, 0.025173668017796205)
(169, 0.025173668017796205)
(171, 0.025173668017796205)
(172, 0.025173668017796205)
(144, 0.024937733402690822)
(148, 0.024937733402690822)

Sus_Op2:
(136, 0.9222636815920398)
(79, 0.7468905472636815)
(97, 0.7468905472636815)
(56, 0.6498756218905473)
(58, 0.6498756218905473)
(107, 0.6380597014925373)
(109, 0.6380597014925373)
(102, 0.625)
(104, 0.625)
(135, 0.539179104477612)
(61, 0.4496268656716418)
(63, 0.4496268656716418)
(66, 0.4496268656716418)
(72, 0.4496268656716418)
(73, 0.4496268656716418)
(81, 0.4496268656716418)
(84, 0.4496268656716418)
(90, 0.4496268656716418)
(91, 0.4496268656716418)
(99, 0.4496268656716418)
(126, 0.4496268656716418)
(127, 0.4496268656716418)
(128, 0.4496268656716418)
(133, 0.4496268656716418)
(48, 0.01927860696517414)
(50, 0.01927860696517414)
(51, 0.01927860696517414)
(52, 0.01927860696517414)
(53, 0.01927860696517414)
(54, 0.01927860696517414)
(112, 0.01927860696517414)
(118, 0.01927860696517414)
(119, 0.01927860696517414)
(120, 0.01927860696517414)
(122, 0.01927860696517414)
(124, 0.01927860696517414)
(141, 0.01927860696517414)
(157, 0.01927860696517414)
(158, 0.01927860696517414)
(159, 0.01927860696517414)
(160, 0.01927860696517414)
(161, 0.01927860696517414)
(162, 0.01927860696517414)
(163, 0.01927860696517414)
(164, 0.01927860696517414)
(165, 0.01927860696517414)
(166, 0.01927860696517414)
(167, 0.01927860696517414)
(168, 0.01927860696517414)
(169, 0.01927860696517414)
(171, 0.01927860696517414)
(172, 0.01927860696517414)
(144, 0.0006218905472636926)
(148, 0.0006218905472636926)

Sus_Tarantula:
(136, 0.9278290993071594)
(79, 0.797914597815293)
(97, 0.797914597815293)
(56, 0.740552995391705)
(58, 0.740552995391705)
(107, 0.7341251713111009)
(109, 0.7341251713111009)
(102, 0.7271493212669683)
(104, 0.7271493212669683)
(135, 0.684412265758092)
(61, 0.6448635634028893)
(63, 0.6448635634028893)
(66, 0.6448635634028893)
(72, 0.6448635634028893)
(73, 0.6448635634028893)
(81, 0.6448635634028893)
(84, 0.6448635634028893)
(90, 0.6448635634028893)
(91, 0.6448635634028893)
(99, 0.6448635634028893)
(126, 0.6448635634028893)
(127, 0.6448635634028893)
(128, 0.6448635634028893)
(133, 0.6448635634028893)
(48, 0.5047110552763818)
(50, 0.5047110552763818)
(51, 0.5047110552763818)
(52, 0.5047110552763818)
(53, 0.5047110552763818)
(54, 0.5047110552763818)
(112, 0.5047110552763818)
(118, 0.5047110552763818)
(119, 0.5047110552763818)
(120, 0.5047110552763818)
(122, 0.5047110552763818)
(124, 0.5047110552763818)
(141, 0.5047110552763818)
(157, 0.5047110552763818)
(158, 0.5047110552763818)
(159, 0.5047110552763818)
(160, 0.5047110552763818)
(161, 0.5047110552763818)
(162, 0.5047110552763818)
(163, 0.5047110552763818)
(164, 0.5047110552763818)
(165, 0.5047110552763818)
(166, 0.5047110552763818)
(167, 0.5047110552763818)
(168, 0.5047110552763818)
(169, 0.5047110552763818)
(171, 0.5047110552763818)
(172, 0.5047110552763818)
(144, 0.5)
(148, 0.5)

Sus_Dstar3:
(136, 0.008)
(79, 0.002457002457002457)
(97, 0.002457002457002457)
(56, 0.0017761989342806395)
(58, 0.0017761989342806395)
(107, 0.001718213058419244)
(109, 0.001718213058419244)
(102, 0.001658374792703151)
(104, 0.001658374792703151)
(135, 0.001349527665317139)
(61, 0.0011299435028248588)
(63, 0.0011299435028248588)
(66, 0.0011299435028248588)
(72, 0.0011299435028248588)
(73, 0.0011299435028248588)
(81, 0.0011299435028248588)
(84, 0.0011299435028248588)
(90, 0.0011299435028248588)
(91, 0.0011299435028248588)
(99, 0.0011299435028248588)
(126, 0.0011299435028248588)
(127, 0.0011299435028248588)
(128, 0.0011299435028248588)
(133, 0.0011299435028248588)
(48, 0.0006341154090044388)
(50, 0.0006341154090044388)
(51, 0.0006341154090044388)
(52, 0.0006341154090044388)
(53, 0.0006341154090044388)
(54, 0.0006341154090044388)
(112, 0.0006341154090044388)
(118, 0.0006341154090044388)
(119, 0.0006341154090044388)
(120, 0.0006341154090044388)
(122, 0.0006341154090044388)
(124, 0.0006341154090044388)
(141, 0.0006341154090044388)
(157, 0.0006341154090044388)
(158, 0.0006341154090044388)
(159, 0.0006341154090044388)
(160, 0.0006341154090044388)
(161, 0.0006341154090044388)
(162, 0.0006341154090044388)
(163, 0.0006341154090044388)
(164, 0.0006341154090044388)
(165, 0.0006341154090044388)
(166, 0.0006341154090044388)
(167, 0.0006341154090044388)
(168, 0.0006341154090044388)
(169, 0.0006341154090044388)
(171, 0.0006341154090044388)
(172, 0.0006341154090044388)
(144, 0.0006222775357809583)
(148, 0.0006222775357809583)

