rank     line     is_fault_line     suspicious

Sus_Ochiai:
[1, 118, True, 0.19820624179302296]
[1, 124, False, 0.19820624179302296]
[1, 128, False, 0.19820624179302296]
[1, 141, False, 0.19820624179302296]
[1, 148, False, 0.19820624179302296]
[1, 158, False, 0.19820624179302296]
[1, 159, False, 0.19820624179302296]
[1, 171, False, 0.19820624179302296]
[1, 172, False, 0.19820624179302296]
[2, 165, False, 0.19107505086717086]
[3, 119, False, 0.1805101203579608]
[4, 72, False, 0.17467279497708235]
[4, 75, False, 0.17467279497708235]
[5, 73, False, 0.17407765595569785]
[6, 104, False, 0.17290540251370362]
[7, 81, False, 0.17175651668417075]
[7, 126, False, 0.17175651668417075]
[7, 134, False, 0.17175651668417075]
[7, 135, False, 0.17175651668417075]
[8, 63, False, 0.16648178955300671]
[8, 169, False, 0.16648178955300671]
[9, 163, False, 0.16235226246494966]
[10, 127, False, 0.15531518604934888]
[11, 58, False, 0.15151515151515152]
[11, 164, False, 0.15151515151515152]
[12, 61, False, 0.13402192668680962]
[13, 56, False, 0.12727272727272726]
[14, 90, False, 0.11009637651263607]
[15, 166, False, 0.10869636563171052]
[16, 133, False, 0.10858142093933343]
[17, 97, False, 0.10830607221477646]
[18, 109, False, 0.1074430618700507]
[19, 91, False, 0.10618637464037979]
[19, 99, False, 0.10618637464037979]
[19, 136, False, 0.10618637464037979]
[20, 53, False, 0.1049727762162956]
[21, 120, False, 0.09304842103984709]
[21, 160, False, 0.09304842103984709]
[21, 167, False, 0.09304842103984709]
[22, 51, False, 0.0879598994267085]
[23, 161, False, 0.08402916318031353]
[24, 122, False, 0.08283153665625821]
[25, 162, False, 0.0827091048186383]
[25, 168, False, 0.0827091048186383]
[26, 93, False, 0.07689464481087924]
[27, 52, False, 0.06827887419989188]
[28, 79, False, 0.061868822488974594]
[29, 50, False, 0.0]
[29, 112, False, 0.0]

Sus_Op2:
[1, 118, True, 10.831664580725908]
[1, 124, False, 10.831664580725908]
[1, 128, False, 10.831664580725908]
[1, 141, False, 10.831664580725908]
[1, 148, False, 10.831664580725908]
[1, 158, False, 10.831664580725908]
[1, 159, False, 10.831664580725908]
[1, 171, False, 10.831664580725908]
[1, 172, False, 10.831664580725908]
[2, 104, False, 10.73028785982478]
[3, 127, False, 10.721526908635795]
[4, 133, False, 10.423028785982478]
[4, 134, False, 10.423028785982478]
[5, 164, False, 10.0369211514393]
[6, 160, False, 10.000625782227784]
[6, 161, False, 10.000625782227784]
[6, 162, False, 10.000625782227784]
[6, 163, False, 10.000625782227784]
[6, 165, False, 10.000625782227784]
[6, 166, False, 10.000625782227784]
[6, 167, False, 10.000625782227784]
[6, 168, False, 10.000625782227784]
[6, 169, False, 10.000625782227784]
[7, 119, False, 9.831664580725908]
[8, 72, False, 6.9130162703379225]
[8, 75, False, 6.9130162703379225]
[9, 73, False, 6.9123904881101375]
[10, 81, False, 6.909887359198999]
[10, 126, False, 6.909887359198999]
[10, 135, False, 6.909887359198999]
[11, 61, False, 6.84918648310388]
[12, 63, False, 6.841677096370463]
[13, 58, False, 6.8360450563204]
[14, 56, False, 6.832290362953692]
[15, 90, False, 3.927409261576971]
[16, 97, False, 3.924906132665832]
[17, 109, False, 3.923654568210263]
[18, 91, False, 3.9217772215269084]
[18, 99, False, 3.9217772215269084]
[18, 136, False, 3.9217772215269084]
[19, 53, False, 3.9198998748435545]
[20, 93, False, 3.848560700876095]
[21, 51, False, 2.916145181476846]
[22, 52, False, 2.8879849812265332]
[23, 120, False, 1.9749687108886107]
[24, 122, False, 1.9680851063829787]
[25, 79, False, 1.94180225281602]
[26, 50, False, 0.0]
[26, 112, False, 0.0]

Sus_Tarantula:
[1, 160, False, 0.929569266589057]
[2, 169, False, 0.919268959562527]
[3, 119, False, 0.9131976212259835]
[4, 63, False, 0.904098731884058]
[5, 58, False, 0.8853531433640094]
[5, 164, False, 0.8853531433640094]
[6, 72, False, 0.8796820900220333]
[6, 75, False, 0.8796820900220333]
[7, 73, False, 0.8789212988442489]
[7, 120, False, 0.8789212988442489]
[7, 126, False, 0.8789212988442489]
[7, 167, False, 0.8789212988442489]
[8, 104, False, 0.877403657483714]
[9, 81, False, 0.8758912481391522]
[9, 128, False, 0.8758912481391522]
[9, 134, False, 0.8758912481391522]
[9, 135, False, 0.8758912481391522]
[10, 51, False, 0.8658172946597994]
[11, 163, False, 0.862510608749325]
[12, 165, False, 0.8586483144255068]
[13, 118, True, 0.8558413719185424]
[13, 124, False, 0.8558413719185424]
[13, 141, False, 0.8558413719185424]
[13, 148, False, 0.8558413719185424]
[13, 158, False, 0.8558413719185424]
[13, 159, False, 0.8558413719185424]
[13, 171, False, 0.8558413719185424]
[13, 172, False, 0.8558413719185424]
[14, 122, False, 0.8505992010652463]
[15, 90, False, 0.8335073068893528]
[16, 97, False, 0.8287493513233005]
[17, 109, False, 0.8263906856403622]
[18, 91, False, 0.8228777534458328]
[18, 99, False, 0.8228777534458328]
[18, 127, False, 0.8228777534458328]
[18, 133, False, 0.8228777534458328]
[18, 136, False, 0.8228777534458328]
[19, 53, False, 0.8224892703862661]
[20, 61, False, 0.8083152566883586]
[21, 52, False, 0.7925558312655087]
[22, 56, False, 0.7913215827847385]
[23, 166, False, 0.7627159118045053]
[24, 79, False, 0.7574104813848708]
[25, 161, False, 0.7419279907084785]
[26, 93, False, 0.7058563535911602]
[27, 168, False, 0.7024411700021992]
[28, 162, False, 0.5]
[29, 50, False, 0.0]
[29, 112, False, 0.0]

Sus_Dstar3:
[1, 118, True, 4.947955390334572]
[1, 124, False, 4.947955390334572]
[1, 128, False, 4.947955390334572]
[1, 141, False, 4.947955390334572]
[1, 148, False, 4.947955390334572]
[1, 158, False, 4.947955390334572]
[1, 159, False, 4.947955390334572]
[1, 171, False, 4.947955390334572]
[1, 172, False, 4.947955390334572]
[2, 165, False, 4.166666666666667]
[3, 119, False, 3.7037037037037037]
[4, 104, False, 3.0881670533642693]
[5, 127, False, 2.9910112359550562]
[6, 72, False, 2.3986013986013988]
[6, 75, False, 2.3986013986013988]
[7, 73, False, 2.3819444444444446]
[8, 81, False, 2.3175675675675675]
[8, 126, False, 2.3175675675675675]
[8, 134, False, 2.3175675675675675]
[8, 135, False, 2.3175675675675675]
[9, 163, False, 2.066265060240964]
[10, 63, False, 1.5060240963855422]
[10, 169, False, 1.5060240963855422]
[11, 133, False, 1.4436008676789587]
[12, 61, False, 1.4]
[13, 58, False, 1.2894736842105263]
[14, 56, False, 1.2610294117647058]
[15, 164, False, 1.25]
[16, 160, False, 0.8334376956793988]
[16, 161, False, 0.8334376956793988]
[16, 162, False, 0.8334376956793988]
[16, 166, False, 0.8334376956793988]
[16, 167, False, 0.8334376956793988]
[16, 168, False, 0.8334376956793988]
[17, 90, False, 0.5203252032520326]
[18, 97, False, 0.5039370078740157]
[19, 109, False, 0.49612403100775193]
[20, 91, False, 0.48484848484848486]
[20, 99, False, 0.48484848484848486]
[20, 136, False, 0.48484848484848486]
[21, 53, False, 0.4740740740740741]
[22, 93, False, 0.2570281124497992]
[23, 51, False, 0.19014084507042253]
[24, 120, False, 0.16326530612244897]
[25, 52, False, 0.1443850267379679]
[26, 122, False, 0.13333333333333333]
[27, 79, False, 0.0784313725490196]
[28, 50, False, 0.0]
[28, 112, False, 0.0]

Sus_GP13:
[1, 118, True, 11.019642857142857]
[1, 124, False, 11.019642857142857]
[1, 128, False, 11.019642857142857]
[1, 141, False, 11.019642857142857]
[1, 148, False, 11.019642857142857]
[1, 158, False, 11.019642857142857]
[1, 159, False, 11.019642857142857]
[1, 171, False, 11.019642857142857]
[1, 172, False, 11.019642857142857]
[2, 104, False, 11.012443438914026]
[3, 127, False, 11.012061403508772]
[4, 133, False, 11.005894962486602]
[4, 134, False, 11.005894962486602]
[5, 164, False, 11.003548387096773]
[6, 160, False, 11.00342039800995]
[6, 161, False, 11.00342039800995]
[6, 162, False, 11.00342039800995]
[6, 163, False, 11.00342039800995]
[6, 165, False, 11.00342039800995]
[6, 166, False, 11.00342039800995]
[6, 167, False, 11.00342039800995]
[6, 168, False, 11.00342039800995]
[6, 169, False, 11.00342039800995]
[7, 119, False, 10.017921146953405]
[8, 72, False, 7.023972602739725]
[8, 75, False, 7.023972602739725]
[9, 73, False, 7.023809523809523]
[10, 81, False, 7.023178807947019]
[10, 126, False, 7.023178807947019]
[10, 135, False, 7.023178807947019]
[11, 61, False, 7.014112903225806]
[12, 63, False, 7.013461538461538]
[13, 58, False, 7.0130111524163565]
[14, 56, False, 7.012727272727272]
[15, 90, False, 4.016666666666667]
[16, 97, False, 4.016129032258065]
[17, 109, False, 4.015873015873016]
[18, 91, False, 4.015503875968992]
[18, 99, False, 4.015503875968992]
[18, 136, False, 4.015503875968992]
[19, 53, False, 4.015151515151516]
[20, 93, False, 4.008130081300813]
[21, 51, False, 3.0109489051094886]
[22, 52, False, 3.008241758241758]
[23, 120, False, 2.0238095238095237]
[24, 122, False, 2.018867924528302]
[25, 79, False, 2.0105263157894737]
[26, 50, False, 0.0]
[26, 112, False, 0.0]

Sus_Naish1:
[1, 50, False, -1.0]
[1, 51, False, -1.0]
[1, 52, False, -1.0]
[1, 53, False, -1.0]
[1, 56, False, -1.0]
[1, 58, False, -1.0]
[1, 61, False, -1.0]
[1, 63, False, -1.0]
[1, 72, False, -1.0]
[1, 73, False, -1.0]
[1, 75, False, -1.0]
[1, 79, False, -1.0]
[1, 81, False, -1.0]
[1, 90, False, -1.0]
[1, 91, False, -1.0]
[1, 93, False, -1.0]
[1, 97, False, -1.0]
[1, 99, False, -1.0]
[1, 104, False, -1.0]
[1, 109, False, -1.0]
[1, 112, False, -1.0]
[1, 118, True, -1.0]
[1, 119, False, -1.0]
[1, 120, False, -1.0]
[1, 122, False, -1.0]
[1, 124, False, -1.0]
[1, 126, False, -1.0]
[1, 127, False, -1.0]
[1, 128, False, -1.0]
[1, 133, False, -1.0]
[1, 134, False, -1.0]
[1, 135, False, -1.0]
[1, 136, False, -1.0]
[1, 141, False, -1.0]
[1, 148, False, -1.0]
[1, 159, False, -1.0]
[1, 160, False, -1.0]
[1, 161, False, -1.0]
[1, 162, False, -1.0]
[1, 163, False, -1.0]
[1, 164, False, -1.0]
[1, 165, False, -1.0]
[1, 166, False, -1.0]
[1, 167, False, -1.0]
[1, 168, False, -1.0]
[1, 169, False, -1.0]
[1, 172, False, -1.0]
[2, 158, False, -258.0]
[2, 171, False, -258.0]

