rank     line     is_fault_line     suspicious

Sus_Ochiai:
[1, 51, True, 1.0]
[2, 58, False, 0.5229125165837972]
[3, 164, False, 0.5208817806924757]
[3, 165, False, 0.5208817806924757]
[4, 75, False, 0.4253198913368353]
[5, 109, False, 0.42165853289996036]
[6, 72, False, 0.41926951348681113]
[6, 73, False, 0.41926951348681113]
[6, 79, False, 0.41926951348681113]
[6, 90, False, 0.41926951348681113]
[6, 104, False, 0.41926951348681113]
[6, 126, False, 0.41926951348681113]
[6, 127, False, 0.41926951348681113]
[6, 133, False, 0.41926951348681113]
[6, 134, False, 0.41926951348681113]
[6, 135, False, 0.41926951348681113]
[6, 138, False, 0.41926951348681113]
[7, 63, False, 0.4066994898484989]
[8, 163, False, 0.4004783590320695]
[9, 119, False, 0.34735625898545525]
[10, 169, False, 0.3461886716180405]
[11, 56, False, 0.3432857670296248]
[12, 166, False, 0.34009776483267984]
[13, 118, False, 0.32204702407301594]
[13, 148, False, 0.32204702407301594]
[13, 158, False, 0.32204702407301594]
[13, 159, False, 0.32204702407301594]
[13, 160, False, 0.32204702407301594]
[14, 120, False, 0.3123780011665394]
[15, 124, False, 0.3047596837161427]
[16, 167, False, 0.28834674573090563]
[17, 168, False, 0.1744556751977294]
[18, 122, False, 0.17258978545253828]
[18, 161, False, 0.17258978545253828]
[19, 61, False, 0.1489294284265455]
[19, 172, False, 0.1489294284265455]
[20, 162, False, 0.14753362041998716]
[20, 171, False, 0.14753362041998716]
[21, 97, False, 0.030860669992418384]
[22, 99, False, 0.030606668389141996]
[23, 128, False, 0.017118419700436517]
[24, 50, False, 0.0]
[24, 52, False, 0.0]
[24, 53, False, 0.0]
[24, 81, False, 0.0]
[24, 91, False, 0.0]
[24, 93, False, 0.0]
[24, 112, False, 0.0]
[24, 141, False, 0.0]

Sus_Op2:
[1, 51, True, 35.0]
[2, 58, False, 34.940914866581956]
[3, 164, False, 34.94027954256671]
[3, 165, False, 34.94027954256671]
[4, 56, False, 34.83354510800508]
[5, 134, False, 34.45933926302414]
[6, 61, False, 34.019695044472684]
[6, 158, False, 34.019695044472684]
[6, 172, False, 34.019695044472684]
[7, 63, False, 34.00063532401525]
[7, 159, False, 34.00063532401525]
[7, 160, False, 34.00063532401525]
[7, 161, False, 34.00063532401525]
[7, 162, False, 34.00063532401525]
[7, 163, False, 34.00063532401525]
[7, 166, False, 34.00063532401525]
[7, 167, False, 34.00063532401525]
[7, 168, False, 34.00063532401525]
[7, 169, False, 34.00063532401525]
[7, 171, False, 34.00063532401525]
[8, 75, False, 32.91168996188056]
[9, 109, False, 32.909783989834814]
[10, 72, False, 32.90851334180432]
[10, 73, False, 32.90851334180432]
[10, 79, False, 32.90851334180432]
[10, 90, False, 32.90851334180432]
[10, 104, False, 32.90851334180432]
[10, 126, False, 32.90851334180432]
[10, 127, False, 32.90851334180432]
[10, 133, False, 32.90851334180432]
[10, 135, False, 32.90851334180432]
[10, 138, False, 32.90851334180432]
[11, 118, False, 32.830368487928844]
[11, 119, False, 32.830368487928844]
[11, 148, False, 32.830368487928844]
[12, 124, False, 32.80813214739517]
[13, 120, False, 24.89961880559085]
[14, 122, False, 6.974587039390089]
[15, 97, False, 1.9250317662007623]
[16, 99, False, 1.9237611181702667]
[17, 128, False, 1.7534942820838628]
[18, 50, False, 0.0]
[18, 81, False, 0.0]
[18, 91, False, 0.0]
[18, 93, False, 0.0]
[18, 141, False, 0.0]
[19, 52, False, -0.04701397712833545]
[20, 53, False, -0.05844980940279543]
[21, 112, False, -0.0781448538754765]

Sus_Tarantula:
[1, 51, True, 1.0]
[2, 58, False, 0.9441776710684274]
[3, 164, False, 0.9436112777444512]
[3, 165, False, 0.9436112777444512]
[4, 75, False, 0.9143093669637511]
[5, 109, False, 0.9126215299143796]
[6, 63, False, 0.9116624289560276]
[7, 72, False, 0.9114997629457936]
[7, 73, False, 0.9114997629457936]
[7, 79, False, 0.9114997629457936]
[7, 90, False, 0.9114997629457936]
[7, 104, False, 0.9114997629457936]
[7, 126, False, 0.9114997629457936]
[7, 127, False, 0.9114997629457936]
[7, 133, False, 0.9114997629457936]
[7, 134, False, 0.9114997629457936]
[7, 135, False, 0.9114997629457936]
[7, 138, False, 0.9114997629457936]
[8, 169, False, 0.9089858422421265]
[8, 171, False, 0.9089858422421265]
[9, 163, False, 0.9020749339635757]
[10, 119, False, 0.9013293605317442]
[11, 168, False, 0.8897058823529411]
[12, 120, False, 0.8871968415115623]
[12, 122, False, 0.8871968415115623]
[12, 160, False, 0.8871968415115623]
[12, 161, False, 0.8871968415115623]
[13, 118, False, 0.8764858841010401]
[14, 166, False, 0.8627200053183532]
[15, 56, False, 0.8572207084468665]
[16, 148, False, 0.8474385346263101]
[16, 158, False, 0.8474385346263101]
[16, 159, False, 0.8474385346263101]
[17, 167, False, 0.8336897125207888]
[18, 124, False, 0.8308231565806111]
[19, 61, False, 0.504813863928113]
[19, 172, False, 0.504813863928113]
[20, 162, False, 0.5]
[21, 97, False, 0.43238042880703687]
[22, 99, False, 0.4282602777021508]
[23, 128, False, 0.18809039818247042]
[24, 50, False, 0.0]
[24, 52, False, 0.0]
[24, 53, False, 0.0]
[24, 81, False, 0.0]
[24, 91, False, 0.0]
[24, 93, False, 0.0]
[24, 112, False, 0.0]
[24, 141, False, 0.0]

Sus_Dstar3:
[1, 51, True, 1.7976931348623157e+308]
[2, 58, False, 461.02150537634407]
[3, 164, False, 456.1170212765957]
[3, 165, False, 456.1170212765957]
[4, 75, False, 254.87234042553192]
[5, 109, False, 249.5625]
[6, 72, False, 246.14383561643837]
[6, 73, False, 246.14383561643837]
[6, 79, False, 246.14383561643837]
[6, 90, False, 246.14383561643837]
[6, 104, False, 246.14383561643837]
[6, 126, False, 246.14383561643837]
[6, 127, False, 246.14383561643837]
[6, 133, False, 246.14383561643837]
[6, 134, False, 246.14383561643837]
[6, 135, False, 246.14383561643837]
[6, 138, False, 246.14383561643837]
[7, 163, False, 220.4723926380368]
[8, 63, False, 214.32374100719426]
[9, 56, False, 163.64503816793894]
[10, 166, False, 150.99579831932772]
[11, 118, False, 133.59479553903347]
[11, 119, False, 133.59479553903347]
[11, 148, False, 133.59479553903347]
[11, 158, False, 133.59479553903347]
[11, 159, False, 133.59479553903347]
[11, 160, False, 133.59479553903347]
[12, 124, False, 118.21381578947368]
[13, 169, False, 116.6044776119403]
[14, 120, False, 93.00595238095238]
[15, 167, False, 91.68796992481202]
[16, 61, False, 27.786779001944264]
[16, 172, False, 27.786779001944264]
[17, 161, False, 27.25683407501589]
[17, 162, False, 27.25683407501589]
[17, 168, False, 27.25683407501589]
[17, 171, False, 27.25683407501589]
[18, 122, False, 5.044117647058823]
[19, 97, False, 0.052980132450331126]
[20, 99, False, 0.05228758169934641]
[21, 128, False, 0.019002375296912115]
[22, 50, False, 0.0]
[22, 52, False, 0.0]
[22, 53, False, 0.0]
[22, 81, False, 0.0]
[22, 91, False, 0.0]
[22, 93, False, 0.0]
[22, 112, False, 0.0]
[22, 141, False, 0.0]

Sus_GP13:
[1, 51, True, 35.5]
[2, 58, False, 35.13671875]
[3, 164, False, 35.13565891472868]
[3, 165, False, 35.13565891472868]
[4, 56, False, 35.05892255892256]
[5, 134, False, 35.019751693002256]
[6, 61, False, 35.011089987325725]
[6, 158, False, 35.011089987325725]
[6, 172, False, 35.011089987325725]
[7, 63, False, 35.01088308457712]
[7, 159, False, 35.01088308457712]
[7, 160, False, 35.01088308457712]
[7, 161, False, 35.01088308457712]
[7, 162, False, 35.01088308457712]
[7, 163, False, 35.01088308457712]
[7, 166, False, 35.01088308457712]
[7, 167, False, 35.01088308457712]
[7, 168, False, 35.01088308457712]
[7, 169, False, 35.01088308457712]
[7, 171, False, 35.01088308457712]
[8, 75, False, 33.09593023255814]
[9, 109, False, 33.09428571428572]
[10, 72, False, 33.093220338983045]
[10, 73, False, 33.093220338983045]
[10, 79, False, 33.093220338983045]
[10, 90, False, 33.093220338983045]
[10, 104, False, 33.093220338983045]
[10, 126, False, 33.093220338983045]
[10, 127, False, 33.093220338983045]
[10, 133, False, 33.093220338983045]
[10, 135, False, 33.093220338983045]
[10, 138, False, 33.093220338983045]
[11, 118, False, 33.055]
[11, 119, False, 33.055]
[11, 148, False, 33.055]
[12, 124, False, 33.049253731343285]
[13, 120, False, 25.06830601092896]
[14, 122, False, 7.074468085106384]
[15, 97, False, 2.0083333333333333]
[16, 99, False, 2.0081967213114753]
[17, 128, False, 2.0025641025641026]
[18, 50, False, 0.0]
[18, 52, False, 0.0]
[18, 53, False, 0.0]
[18, 81, False, 0.0]
[18, 91, False, 0.0]
[18, 93, False, 0.0]
[18, 112, False, 0.0]
[18, 141, False, 0.0]

Sus_Naish1:
[1, 51, True, 35.0]
[2, 50, False, -1.0]
[2, 52, False, -1.0]
[2, 53, False, -1.0]
[2, 56, False, -1.0]
[2, 58, False, -1.0]
[2, 61, False, -1.0]
[2, 63, False, -1.0]
[2, 72, False, -1.0]
[2, 73, False, -1.0]
[2, 75, False, -1.0]
[2, 79, False, -1.0]
[2, 81, False, -1.0]
[2, 90, False, -1.0]
[2, 91, False, -1.0]
[2, 93, False, -1.0]
[2, 97, False, -1.0]
[2, 99, False, -1.0]
[2, 104, False, -1.0]
[2, 109, False, -1.0]
[2, 112, False, -1.0]
[2, 118, False, -1.0]
[2, 119, False, -1.0]
[2, 120, False, -1.0]
[2, 122, False, -1.0]
[2, 124, False, -1.0]
[2, 126, False, -1.0]
[2, 127, False, -1.0]
[2, 128, False, -1.0]
[2, 133, False, -1.0]
[2, 134, False, -1.0]
[2, 135, False, -1.0]
[2, 138, False, -1.0]
[2, 141, False, -1.0]
[2, 148, False, -1.0]
[2, 158, False, -1.0]
[2, 159, False, -1.0]
[2, 160, False, -1.0]
[2, 161, False, -1.0]
[2, 162, False, -1.0]
[2, 163, False, -1.0]
[2, 164, False, -1.0]
[2, 165, False, -1.0]
[2, 166, False, -1.0]
[2, 167, False, -1.0]
[2, 168, False, -1.0]
[2, 169, False, -1.0]
[2, 171, False, -1.0]
[3, 172, False, -1508.0]

