rank     line     is_fault_line     suspicious

Sus_Ochiai:
[1, 73, False, 0.5494422557947561]
[2, 75, False, 0.34426518632954817]
[3, 72, True, 0.32128773156099955]
[4, 81, False, 0.31622776601683794]
[4, 90, False, 0.31622776601683794]
[4, 104, False, 0.31622776601683794]
[4, 126, False, 0.31622776601683794]
[4, 127, False, 0.31622776601683794]
[4, 128, False, 0.31622776601683794]
[4, 133, False, 0.31622776601683794]
[4, 134, False, 0.31622776601683794]
[4, 141, False, 0.31622776601683794]
[5, 109, False, 0.31524416249564025]
[6, 163, False, 0.2826668855416534]
[6, 164, False, 0.2826668855416534]
[7, 58, False, 0.25928148942086576]
[8, 168, False, 0.25802342327107]
[9, 120, False, 0.2552637351213155]
[9, 122, False, 0.2552637351213155]
[9, 160, False, 0.2552637351213155]
[9, 161, False, 0.2552637351213155]
[10, 118, False, 0.2407717061715384]
[11, 56, False, 0.2399040575616269]
[12, 61, False, 0.23904572186687872]
[13, 119, False, 0.23693955110363693]
[13, 124, False, 0.23693955110363693]
[13, 148, False, 0.23693955110363693]
[13, 158, False, 0.23693955110363693]
[13, 159, False, 0.23693955110363693]
[13, 172, False, 0.23693955110363693]
[14, 166, False, 0.2366979011616762]
[15, 165, False, 0.2357604800482243]
[16, 53, False, 0.22388336779724757]
[17, 63, False, 0.22169908758696596]
[18, 50, False, 0.1414213562373095]
[19, 169, False, 0.13707057874789255]
[20, 171, False, 0.10069467207118482]
[21, 162, False, 0.09975093361076329]
[21, 167, False, 0.09975093361076329]
[22, 52, False, 0.057353933467640436]
[23, 51, False, 0.037267799624996496]
[24, 91, False, 0.0]
[24, 97, False, 0.0]
[24, 99, False, 0.0]
[24, 112, False, 0.0]

Sus_Op2:
[1, 73, False, 15.976773383553045]
[2, 75, False, 15.925298179535467]
[3, 72, True, 15.912743251726303]
[4, 81, False, 15.909604519774012]
[4, 90, False, 15.909604519774012]
[4, 104, False, 15.909604519774012]
[4, 126, False, 15.909604519774012]
[4, 127, False, 15.909604519774012]
[4, 128, False, 15.909604519774012]
[4, 133, False, 15.909604519774012]
[4, 134, False, 15.909604519774012]
[4, 141, False, 15.909604519774012]
[5, 109, False, 15.908976773383554]
[6, 58, False, 15.860640301318268]
[7, 118, False, 15.836785938480853]
[8, 56, False, 15.835530445699938]
[9, 61, False, 15.83427495291902]
[10, 119, False, 15.83113622096673]
[10, 124, False, 15.83113622096673]
[10, 148, False, 15.83113622096673]
[10, 158, False, 15.83113622096673]
[10, 159, False, 15.83113622096673]
[10, 160, False, 15.83113622096673]
[10, 172, False, 15.83113622096673]
[11, 165, False, 15.037037037037036]
[12, 171, False, 15.019460138104206]
[13, 161, False, 15.000627746390458]
[13, 162, False, 15.000627746390458]
[13, 163, False, 15.000627746390458]
[13, 164, False, 15.000627746390458]
[13, 166, False, 15.000627746390458]
[13, 167, False, 15.000627746390458]
[13, 168, False, 15.000627746390458]
[13, 169, False, 15.000627746390458]
[14, 53, False, 8.94224733207784]
[15, 63, False, 8.940991839296924]
[16, 120, False, 6.9748901443816695]
[16, 122, False, 6.9748901443816695]
[17, 50, False, 3.9711236660389204]
[18, 52, False, 1.953546767106089]
[19, 51, False, 0.9723791588198368]
[20, 97, False, 0.0]
[20, 99, False, 0.0]
[20, 112, False, 0.0]
[21, 91, False, -0.02573760200878845]

Sus_Tarantula:
[1, 73, False, 0.9772866789441375]
[2, 161, False, 0.9476190476190477]
[3, 168, False, 0.946974847042828]
[4, 120, False, 0.9456890699253224]
[4, 122, False, 0.9456890699253224]
[4, 126, False, 0.9456890699253224]
[4, 160, False, 0.9456890699253224]
[5, 75, False, 0.9304500292226768]
[6, 72, True, 0.9196995956094743]
[7, 81, False, 0.9170506912442397]
[7, 90, False, 0.9170506912442397]
[7, 104, False, 0.9170506912442397]
[7, 127, False, 0.9170506912442397]
[7, 128, False, 0.9170506912442397]
[7, 133, False, 0.9170506912442397]
[7, 134, False, 0.9170506912442397]
[7, 141, False, 0.9170506912442397]
[8, 109, False, 0.9165227403569373]
[9, 53, False, 0.9068354430379747]
[10, 124, False, 0.9063109954456734]
[11, 63, False, 0.9050025265285498]
[11, 164, False, 0.9050025265285498]
[11, 165, False, 0.9050025265285498]
[12, 163, False, 0.9026307831871787]
[13, 50, False, 0.8963963963963965]
[14, 58, False, 0.8776185226019846]
[15, 166, False, 0.8634654324558866]
[16, 118, False, 0.8596112311015119]
[17, 56, False, 0.8586839266450917]
[18, 61, False, 0.8577586206896552]
[19, 119, False, 0.8554540569586243]
[19, 148, False, 0.8554540569586243]
[19, 158, False, 0.8554540569586243]
[19, 159, False, 0.8554540569586243]
[19, 172, False, 0.8554540569586243]
[20, 169, False, 0.8178082191780822]
[21, 52, False, 0.7289377289377289]
[22, 51, False, 0.6933797909407665]
[23, 171, False, 0.5047558655675333]
[24, 162, False, 0.5]
[24, 167, False, 0.5]
[25, 91, False, 0.0]
[25, 97, False, 0.0]
[25, 99, False, 0.0]
[25, 112, False, 0.0]

Sus_Dstar3:
[1, 73, False, 110.70270270270271]
[2, 75, False, 34.42016806722689]
[3, 72, True, 29.467625899280577]
[4, 81, False, 28.444444444444443]
[4, 90, False, 28.444444444444443]
[4, 104, False, 28.444444444444443]
[4, 126, False, 28.444444444444443]
[4, 127, False, 28.444444444444443]
[4, 128, False, 28.444444444444443]
[4, 133, False, 28.444444444444443]
[4, 134, False, 28.444444444444443]
[4, 141, False, 28.444444444444443]
[5, 109, False, 28.248275862068965]
[6, 163, False, 20.833333333333332]
[6, 164, False, 20.833333333333332]
[7, 58, False, 18.45045045045045]
[8, 118, False, 15.753846153846155]
[9, 56, False, 15.633587786259541]
[10, 61, False, 15.515151515151516]
[11, 119, False, 15.226765799256505]
[11, 124, False, 15.226765799256505]
[11, 148, False, 15.226765799256505]
[11, 158, False, 15.226765799256505]
[11, 159, False, 15.226765799256505]
[11, 160, False, 15.226765799256505]
[11, 172, False, 15.226765799256505]
[12, 166, False, 14.240506329113924]
[13, 165, False, 14.121338912133892]
[14, 53, False, 7.363636363636363]
[15, 63, False, 7.217821782178218]
[16, 168, False, 7.145833333333333]
[17, 120, False, 7.0]
[17, 122, False, 7.0]
[17, 161, False, 7.0]
[18, 171, False, 2.6222791293213827]
[19, 162, False, 2.5728643216080402]
[19, 167, False, 2.5728643216080402]
[19, 169, False, 2.5728643216080402]
[20, 50, False, 1.103448275862069]
[21, 52, False, 0.09090909090909091]
[22, 51, False, 0.01694915254237288]
[23, 91, False, 0.0]
[23, 97, False, 0.0]
[23, 99, False, 0.0]
[23, 112, False, 0.0]

Sus_GP13:
[1, 73, False, 16.150943396226417]
[2, 75, False, 16.05925925925926]
[3, 72, True, 16.051612903225806]
[4, 81, False, 16.05]
[4, 90, False, 16.05]
[4, 104, False, 16.05]
[4, 126, False, 16.05]
[4, 127, False, 16.05]
[4, 128, False, 16.05]
[4, 133, False, 16.05]
[4, 134, False, 16.05]
[4, 141, False, 16.05]
[5, 109, False, 16.049689440993788]
[6, 58, False, 16.03361344537815]
[7, 118, False, 16.028985507246375]
[8, 56, False, 16.028776978417266]
[9, 61, False, 16.02857142857143]
[10, 119, False, 16.028070175438597]
[10, 124, False, 16.028070175438597]
[10, 148, False, 16.028070175438597]
[10, 158, False, 16.028070175438597]
[10, 159, False, 16.028070175438597]
[10, 160, False, 16.028070175438597]
[10, 172, False, 16.028070175438597]
[11, 165, False, 16.00516129032258]
[12, 171, False, 16.00506970849176]
[13, 161, False, 16.00497512437811]
[13, 162, False, 16.00497512437811]
[13, 163, False, 16.00497512437811]
[13, 164, False, 16.00497512437811]
[13, 166, False, 16.00497512437811]
[13, 167, False, 16.00497512437811]
[13, 168, False, 16.00497512437811]
[13, 169, False, 16.00497512437811]
[14, 53, False, 9.044554455445544]
[15, 63, False, 9.04368932038835]
[16, 120, False, 7.074468085106384]
[16, 122, False, 7.074468085106384]
[17, 50, False, 4.04]
[18, 52, False, 2.013157894736842]
[19, 51, False, 1.011111111111111]
[20, 91, False, 0.0]
[20, 97, False, 0.0]
[20, 99, False, 0.0]
[20, 112, False, 0.0]

Sus_Naish1:
[1, 50, False, -1.0]
[1, 51, False, -1.0]
[1, 52, False, -1.0]
[1, 53, False, -1.0]
[1, 56, False, -1.0]
[1, 58, False, -1.0]
[1, 61, False, -1.0]
[1, 63, False, -1.0]
[1, 72, True, -1.0]
[1, 73, False, -1.0]
[1, 75, False, -1.0]
[1, 81, False, -1.0]
[1, 90, False, -1.0]
[1, 91, False, -1.0]
[1, 97, False, -1.0]
[1, 99, False, -1.0]
[1, 104, False, -1.0]
[1, 109, False, -1.0]
[1, 112, False, -1.0]
[1, 118, False, -1.0]
[1, 119, False, -1.0]
[1, 120, False, -1.0]
[1, 122, False, -1.0]
[1, 124, False, -1.0]
[1, 126, False, -1.0]
[1, 127, False, -1.0]
[1, 128, False, -1.0]
[1, 133, False, -1.0]
[1, 134, False, -1.0]
[1, 148, False, -1.0]
[1, 158, False, -1.0]
[1, 160, False, -1.0]
[1, 161, False, -1.0]
[1, 162, False, -1.0]
[1, 163, False, -1.0]
[1, 164, False, -1.0]
[1, 165, False, -1.0]
[1, 166, False, -1.0]
[1, 167, False, -1.0]
[1, 168, False, -1.0]
[1, 169, False, -1.0]
[1, 171, False, -1.0]
[2, 141, False, -128.0]
[3, 159, False, -253.0]
[3, 172, False, -253.0]

