rank     line     is_fault_line     suspicious

Sus_Ochiai:
[1, 122, False, 1.0]
[2, 120, True, 0.7518094115561123]
[2, 167, False, 0.7518094115561123]
[3, 160, False, 0.659380473395787]
[3, 161, False, 0.659380473395787]
[4, 126, False, 0.6042179781166439]
[5, 124, False, 0.5691604887655424]
[6, 72, False, 0.3151818058216061]
[6, 73, False, 0.3151818058216061]
[6, 75, False, 0.3151818058216061]
[7, 104, False, 0.3122315211815355]
[8, 81, False, 0.3103100781883073]
[8, 128, False, 0.3103100781883073]
[8, 134, False, 0.3103100781883073]
[8, 135, False, 0.3103100781883073]
[9, 109, False, 0.30936256428727216]
[10, 163, False, 0.2936662171742135]
[10, 164, False, 0.2936662171742135]
[11, 165, False, 0.2929520362147839]
[11, 166, False, 0.2929520362147839]
[12, 118, False, 0.2806548116239435]
[12, 119, False, 0.2806548116239435]
[12, 141, False, 0.2806548116239435]
[12, 148, False, 0.2806548116239435]
[12, 158, False, 0.2806548116239435]
[12, 159, False, 0.2806548116239435]
[12, 171, False, 0.2806548116239435]
[12, 172, False, 0.2806548116239435]
[13, 162, False, 0.26643935288247367]
[14, 63, False, 0.2371851973198271]
[15, 58, False, 0.23224329710725253]
[16, 56, False, 0.23027342864276681]
[17, 61, False, 0.2296957482966104]
[18, 127, False, 0.21799234196875997]
[19, 52, False, 0.17782168978975482]
[20, 133, False, 0.1521145390749613]
[21, 53, False, 0.14381874996279562]
[22, 169, False, 0.12510864843424485]
[23, 168, False, 0.11959716797259322]
[24, 51, False, 0.11566298639324804]
[25, 97, False, 0.07490058862731382]
[26, 93, False, 0.07343468193540315]
[26, 99, False, 0.07343468193540315]
[26, 112, False, 0.07343468193540315]
[26, 136, False, 0.07343468193540315]
[27, 90, False, 0.0659380473395787]
[28, 79, False, 0.06384423980690615]
[29, 91, False, 0.052333431822037285]
[30, 50, False, 0.0]

Sus_Op2:
[1, 122, False, 23.0]
[2, 120, True, 22.974779319041613]
[2, 126, False, 22.974779319041613]
[3, 124, False, 22.969735182849938]
[4, 165, False, 22.845523329129886]
[4, 166, False, 22.845523329129886]
[5, 118, False, 22.830390920554855]
[5, 119, False, 22.830390920554855]
[5, 128, False, 22.830390920554855]
[5, 141, False, 22.830390920554855]
[5, 148, False, 22.830390920554855]
[5, 158, False, 22.830390920554855]
[5, 159, False, 22.830390920554855]
[5, 160, False, 22.830390920554855]
[5, 171, False, 22.830390920554855]
[5, 172, False, 22.830390920554855]
[6, 104, False, 22.719419924337956]
[7, 127, False, 22.709331651954603]
[8, 133, False, 22.387767969735183]
[8, 134, False, 22.387767969735183]
[9, 164, False, 22.03720050441362]
[10, 161, False, 22.00063051702396]
[10, 162, False, 22.00063051702396]
[10, 163, False, 22.00063051702396]
[10, 167, False, 22.00063051702396]
[10, 168, False, 22.00063051702396]
[10, 169, False, 22.00063051702396]
[11, 72, False, 18.91235813366961]
[11, 73, False, 18.91235813366961]
[11, 75, False, 18.91235813366961]
[12, 81, False, 18.90920554854981]
[12, 135, False, 18.90920554854981]
[13, 109, False, 18.908575031525853]
[14, 63, False, 18.83606557377049]
[15, 58, False, 18.828499369482977]
[16, 56, False, 18.825346784363177]
[17, 61, False, 17.843001261034047]
[18, 52, False, 9.882723833543505]
[19, 53, False, 8.85813366960908]
[20, 51, False, 4.912988650693569]
[21, 97, False, 3.9243379571248425]
[22, 93, False, 3.921185372005044]
[22, 99, False, 3.921185372005044]
[22, 112, False, 3.921185372005044]
[22, 136, False, 3.921185372005044]
[23, 90, False, 3.842370744010088]
[23, 91, False, 3.842370744010088]
[24, 79, False, 2.941361916771753]
[25, 50, False, 0.0]

Sus_Tarantula:
[1, 120, True, 1.0]
[1, 122, False, 1.0]
[1, 160, False, 1.0]
[1, 161, False, 1.0]
[1, 167, False, 1.0]
[2, 126, False, 0.9753846153846153]
[3, 124, False, 0.9706062461726883]
[4, 72, False, 0.9040285782901057]
[4, 73, False, 0.9040285782901057]
[4, 75, False, 0.9040285782901057]
[5, 169, False, 0.9038205664322372]
[5, 171, False, 0.9038205664322372]
[6, 104, False, 0.9021599113268027]
[7, 81, False, 0.9009184192419303]
[7, 128, False, 0.9009184192419303]
[7, 134, False, 0.9009184192419303]
[7, 135, False, 0.9009184192419303]
[8, 109, False, 0.9002989536621824]
[9, 63, False, 0.889676991376231]
[10, 163, False, 0.8892924639735412]
[10, 164, False, 0.8892924639735412]
[11, 90, False, 0.8844866071428571]
[12, 162, False, 0.8798367346938775]
[13, 52, False, 0.8732782369146005]
[14, 58, False, 0.8710705649593318]
[14, 165, False, 0.8710705649593318]
[15, 118, False, 0.8677799069258144]
[16, 166, False, 0.866120218579235]
[17, 119, False, 0.854908306364617]
[17, 141, False, 0.854908306364617]
[17, 148, False, 0.854908306364617]
[17, 158, False, 0.854908306364617]
[17, 159, False, 0.854908306364617]
[17, 172, False, 0.854908306364617]
[18, 51, False, 0.8516926383664697]
[19, 53, False, 0.8340224009621889]
[20, 61, False, 0.8328224888343988]
[21, 56, False, 0.8253850792084635]
[22, 127, False, 0.7746823069403714]
[23, 97, False, 0.6967032967032967]
[24, 79, False, 0.6897302001740644]
[25, 93, False, 0.6880086814975583]
[25, 99, False, 0.6880086814975583]
[25, 112, False, 0.6880086814975583]
[25, 133, False, 0.6880086814975583]
[25, 136, False, 0.6880086814975583]
[26, 91, False, 0.5244003308519437]
[27, 168, False, 0.5]
[28, 50, False, 0.0]

Sus_Dstar3:
[1, 122, False, 1.7976931348623157e+308]
[2, 120, True, 304.175]
[2, 126, False, 304.175]
[3, 124, False, 253.47916666666666]
[4, 167, False, 219.7]
[5, 160, False, 76.92307692307692]
[5, 161, False, 76.92307692307692]
[6, 165, False, 49.66122448979592]
[6, 166, False, 49.66122448979592]
[7, 72, False, 47.96503496503497]
[7, 73, False, 47.96503496503497]
[7, 75, False, 47.96503496503497]
[8, 104, False, 46.97945205479452]
[9, 81, False, 46.3445945945946]
[9, 128, False, 46.3445945945946]
[9, 134, False, 46.3445945945946]
[9, 135, False, 46.3445945945946]
[10, 109, False, 46.033557046979865]
[11, 118, False, 45.23048327137546]
[11, 119, False, 45.23048327137546]
[11, 141, False, 45.23048327137546]
[11, 148, False, 45.23048327137546]
[11, 158, False, 45.23048327137546]
[11, 159, False, 45.23048327137546]
[11, 171, False, 45.23048327137546]
[11, 172, False, 45.23048327137546]
[12, 163, False, 41.07185628742515]
[12, 164, False, 41.07185628742515]
[13, 162, False, 29.596385542168676]
[14, 127, False, 26.392624728850326]
[15, 63, False, 25.981060606060606]
[16, 58, False, 24.85144927536232]
[17, 56, False, 24.409252669039144]
[18, 61, False, 22.96062992125984]
[19, 133, False, 12.53038105046344]
[20, 168, False, 7.676340694006309]
[20, 169, False, 7.676340694006309]
[21, 52, False, 5.389473684210526]
[22, 53, False, 3.0625]
[23, 51, False, 0.9552238805970149]
[24, 97, False, 0.460431654676259]
[25, 93, False, 0.4444444444444444]
[25, 99, False, 0.4444444444444444]
[25, 112, False, 0.4444444444444444]
[25, 136, False, 0.4444444444444444]
[26, 79, False, 0.23893805309734514]
[27, 90, False, 0.2379182156133829]
[27, 91, False, 0.2379182156133829]
[28, 50, False, 0.0]

Sus_GP13:
[1, 122, False, 23.500000000000004]
[2, 120, True, 23.182539682539684]
[2, 126, False, 23.182539682539684]
[3, 124, False, 23.161971830985916]
[4, 165, False, 23.042910447761194]
[4, 166, False, 23.042910447761194]
[5, 118, False, 23.039383561643834]
[5, 119, False, 23.039383561643834]
[5, 128, False, 23.039383561643834]
[5, 141, False, 23.039383561643834]
[5, 148, False, 23.039383561643834]
[5, 158, False, 23.039383561643834]
[5, 159, False, 23.039383561643834]
[5, 160, False, 23.039383561643834]
[5, 171, False, 23.039383561643834]
[5, 172, False, 23.039383561643834]
[6, 104, False, 23.02457264957265]
[7, 127, False, 23.02376033057851]
[8, 133, False, 23.011569416498993]
[8, 134, False, 23.011569416498993]
[9, 164, False, 23.007419354838706]
[10, 161, False, 23.007151741293534]
[10, 162, False, 23.007151741293534]
[10, 163, False, 23.007151741293534]
[10, 167, False, 23.007151741293534]
[10, 168, False, 23.007151741293534]
[10, 169, False, 23.007151741293534]
[11, 72, False, 19.060126582278482]
[11, 73, False, 19.060126582278482]
[11, 75, False, 19.060126582278482]
[12, 81, False, 19.058282208588956]
[12, 135, False, 19.058282208588956]
[13, 109, False, 19.05792682926829]
[14, 63, False, 19.03405017921147]
[15, 58, False, 19.032646048109967]
[16, 56, False, 19.032094594594597]
[17, 61, False, 18.033707865168537]
[18, 52, False, 10.025510204081634]
[19, 53, False, 9.01923076923077]
[20, 51, False, 5.0174825174825175]
[21, 97, False, 4.016129032258065]
[22, 93, False, 4.015503875968992]
[22, 99, False, 4.015503875968992]
[22, 112, False, 4.015503875968992]
[22, 136, False, 4.015503875968992]
[23, 90, False, 4.0078740157480315]
[23, 91, False, 4.0078740157480315]
[24, 79, False, 3.015625]
[25, 50, False, 0.0]

Sus_Naish1:
[1, 122, False, 23.0]
[2, 50, False, -1.0]
[2, 51, False, -1.0]
[2, 52, False, -1.0]
[2, 53, False, -1.0]
[2, 56, False, -1.0]
[2, 58, False, -1.0]
[2, 61, False, -1.0]
[2, 63, False, -1.0]
[2, 72, False, -1.0]
[2, 73, False, -1.0]
[2, 75, False, -1.0]
[2, 79, False, -1.0]
[2, 81, False, -1.0]
[2, 90, False, -1.0]
[2, 91, False, -1.0]
[2, 93, False, -1.0]
[2, 97, False, -1.0]
[2, 99, False, -1.0]
[2, 104, False, -1.0]
[2, 109, False, -1.0]
[2, 112, False, -1.0]
[2, 118, False, -1.0]
[2, 119, False, -1.0]
[2, 120, True, -1.0]
[2, 124, False, -1.0]
[2, 126, False, -1.0]
[2, 127, False, -1.0]
[2, 128, False, -1.0]
[2, 133, False, -1.0]
[2, 134, False, -1.0]
[2, 135, False, -1.0]
[2, 136, False, -1.0]
[2, 141, False, -1.0]
[2, 148, False, -1.0]
[2, 159, False, -1.0]
[2, 160, False, -1.0]
[2, 161, False, -1.0]
[2, 162, False, -1.0]
[2, 163, False, -1.0]
[2, 164, False, -1.0]
[2, 165, False, -1.0]
[2, 166, False, -1.0]
[2, 167, False, -1.0]
[2, 168, False, -1.0]
[2, 169, False, -1.0]
[2, 171, False, -1.0]
[2, 172, False, -1.0]
[3, 158, False, -246.0]

