rank     line     is_fault_line     suspicious

Sus_Ochiai:
[1, 63, True, 1.0]
[1, 72, False, 1.0]
[1, 171, False, 1.0]
[2, 169, False, 0.4898979485566356]
[3, 93, False, 0.45555555555555555]
[4, 90, False, 0.41376769291923177]
[5, 91, False, 0.4074612758999617]
[6, 61, False, 0.3987305585249865]
[7, 104, False, 0.3601706290453457]
[8, 127, False, 0.3539208087099719]
[9, 109, False, 0.3228732015003789]
[10, 134, False, 0.2909469244842041]
[11, 128, False, 0.28065856617824936]
[12, 136, False, 0.2509502519348769]
[13, 141, False, 0.23624164222061242]
[14, 148, False, 0.21801036009847366]
[14, 158, False, 0.21801036009847366]
[14, 172, False, 0.21801036009847366]
[15, 75, False, 0.217219856411465]
[16, 165, False, 0.2160342916843802]
[17, 159, False, 0.21596710639534003]
[17, 160, False, 0.21596710639534003]
[17, 161, False, 0.21596710639534003]
[17, 162, False, 0.21596710639534003]
[17, 163, False, 0.21596710639534003]
[17, 164, False, 0.21596710639534003]
[17, 166, False, 0.21596710639534003]
[17, 167, False, 0.21596710639534003]
[17, 168, False, 0.21596710639534003]
[18, 118, False, 0.17143187827498388]
[18, 119, False, 0.17143187827498388]
[18, 124, False, 0.17143187827498388]
[18, 133, False, 0.17143187827498388]
[19, 73, False, 0.1539600717839002]
[20, 79, False, 0.15135480634892867]
[20, 126, False, 0.15135480634892867]
[20, 135, False, 0.15135480634892867]
[21, 58, False, 0.12316805742712016]
[22, 120, False, 0.1191759143062248]
[22, 122, False, 0.1191759143062248]
[23, 56, False, 0.1134923043411054]
[24, 53, False, 0.10551786871689886]
[25, 99, False, 0.08716019289105664]
[26, 97, False, 0.08473185457363235]
[26, 138, False, 0.08473185457363235]
[27, 50, False, 0.06666666666666667]
[28, 52, False, 0.04778184825674966]
[29, 51, False, 0.022979399584857042]
[30, 81, False, 0.0]
[30, 112, False, 0.0]

Sus_Op2:
[1, 63, True, 75.0]
[1, 72, False, 75.0]
[1, 171, False, 75.0]
[2, 134, False, 74.47131681877444]
[3, 148, False, 74.02020860495436]
[3, 158, False, 74.02020860495436]
[3, 172, False, 74.02020860495436]
[4, 165, False, 74.0013037809648]
[5, 159, False, 74.0006518904824]
[5, 160, False, 74.0006518904824]
[5, 161, False, 74.0006518904824]
[5, 162, False, 74.0006518904824]
[5, 163, False, 74.0006518904824]
[5, 164, False, 74.0006518904824]
[5, 166, False, 74.0006518904824]
[5, 167, False, 74.0006518904824]
[5, 168, False, 74.0006518904824]
[5, 169, False, 74.0006518904824]
[6, 104, False, 63.767275097783575]
[7, 127, False, 63.75749674054759]
[8, 136, False, 58.55801825293351]
[9, 61, False, 55.86505867014342]
[10, 128, False, 51.62255541069101]
[11, 141, False, 51.61277705345502]
[12, 90, False, 47.882007822685786]
[12, 93, False, 47.882007822685786]
[13, 109, False, 44.86049543676663]
[14, 91, False, 40.9387222946545]
[15, 75, False, 26.883311603650586]
[16, 118, False, 22.858539765319428]
[16, 119, False, 22.858539765319428]
[16, 124, False, 22.858539765319428]
[16, 133, False, 22.858539765319428]
[17, 126, False, 22.80638852672751]
[18, 73, False, 15.916558018252934]
[19, 79, False, 15.91329856584094]
[19, 135, False, 15.91329856584094]
[20, 58, False, 15.863754889178619]
[21, 56, False, 15.83767926988266]
[22, 53, False, 11.886571056062582]
[23, 120, False, 8.90612777053455]
[24, 122, False, 6.97457627118644]
[25, 99, False, 6.948500651890482]
[26, 97, False, 6.945241199478487]
[26, 138, False, 6.945241199478487]
[27, 52, False, 4.908083441981747]
[28, 50, False, 3.971316818774446]
[29, 51, False, 1.9354628422425033]
[30, 81, False, 0.0]
[30, 112, False, 0.0]

Sus_Tarantula:
[1, 63, True, 1.0]
[1, 72, False, 1.0]
[1, 169, False, 1.0]
[1, 171, False, 1.0]
[2, 93, False, 0.9259701228674977]
[3, 90, False, 0.910873440285205]
[4, 91, False, 0.899145959400884]
[5, 97, False, 0.8720136518771331]
[6, 61, False, 0.8468527122606611]
[7, 75, False, 0.8301580268793384]
[8, 161, False, 0.8195669607056936]
[9, 104, False, 0.8141263940520446]
[10, 109, False, 0.8112541894514024]
[11, 168, False, 0.7901480008835874]
[12, 120, False, 0.7858084358523726]
[12, 122, False, 0.7858084358523726]
[12, 126, False, 0.7858084358523726]
[12, 160, False, 0.7858084358523726]
[13, 119, False, 0.7829417773237998]
[14, 127, False, 0.7785925149985716]
[15, 128, False, 0.7415200435334663]
[16, 163, False, 0.7292646071188718]
[17, 73, False, 0.7187060478199718]
[18, 79, False, 0.7108947048082777]
[18, 133, False, 0.7108947048082777]
[18, 134, False, 0.7108947048082777]
[18, 135, False, 0.7108947048082777]
[18, 136, False, 0.7108947048082777]
[19, 166, False, 0.7057587221521647]
[20, 165, False, 0.6889746889746889]
[21, 118, False, 0.6841890790546047]
[21, 124, False, 0.6841890790546047]
[21, 148, False, 0.6841890790546047]
[21, 158, False, 0.6841890790546047]
[21, 159, False, 0.6841890790546047]
[21, 172, False, 0.6841890790546047]
[22, 58, False, 0.681434286560972]
[22, 164, False, 0.681434286560972]
[23, 53, False, 0.6764230033828504]
[24, 50, False, 0.6501272264631043]
[25, 99, False, 0.6442723342939483]
[26, 141, False, 0.6414948578050311]
[27, 138, False, 0.6300863131935882]
[28, 56, False, 0.5677383515033679]
[29, 162, False, 0.5418055134807634]
[30, 167, False, 0.5]
[31, 52, False, 0.4202302631578948]
[32, 51, False, 0.3273542600896861]
[33, 81, False, 0.0]
[33, 112, False, 0.0]

Sus_Dstar3:
[1, 63, True, 1.7976931348623157e+308]
[1, 72, False, 1.7976931348623157e+308]
[1, 171, False, 1.7976931348623157e+308]
[2, 61, False, 777.0619469026549]
[3, 104, False, 712.3478260869565]
[4, 127, False, 684.4490861618799]
[5, 93, False, 682.3861386138614]
[6, 90, False, 597.796992481203]
[7, 91, False, 538.4453125]
[8, 134, False, 520.1911220715167]
[9, 109, False, 373.46311475409834]
[10, 128, False, 299.7073170731707]
[11, 136, False, 295.9351585014409]
[12, 148, False, 280.688622754491]
[12, 158, False, 280.688622754491]
[12, 172, False, 280.688622754491]
[13, 165, False, 275.3753263707572]
[14, 159, False, 275.19569471624266]
[14, 160, False, 275.19569471624266]
[14, 161, False, 275.19569471624266]
[14, 162, False, 275.19569471624266]
[14, 163, False, 275.19569471624266]
[14, 164, False, 275.19569471624266]
[14, 166, False, 275.19569471624266]
[14, 167, False, 275.19569471624266]
[14, 168, False, 275.19569471624266]
[14, 169, False, 275.19569471624266]
[15, 141, False, 227.88978930307943]
[16, 75, False, 86.70925110132158]
[17, 118, False, 45.23048327137546]
[17, 119, False, 45.23048327137546]
[17, 124, False, 45.23048327137546]
[17, 133, False, 45.23048327137546]
[18, 126, False, 34.862464183381086]
[19, 73, False, 21.90374331550802]
[20, 79, False, 21.333333333333332]
[20, 135, False, 21.333333333333332]
[21, 58, False, 15.283582089552239]
[22, 56, False, 13.2987012987013]
[23, 53, False, 7.291139240506329]
[24, 120, False, 3.4714285714285715]
[25, 122, False, 3.205607476635514]
[26, 99, False, 2.3333333333333335]
[27, 97, False, 2.2565789473684212]
[27, 138, False, 2.2565789473684212]
[28, 52, False, 0.5924170616113744]
[29, 50, False, 0.5565217391304348]
[30, 51, False, 0.046511627906976744]
[31, 81, False, 0.0]
[31, 112, False, 0.0]

Sus_GP13:
[1, 63, True, 75.5]
[1, 72, False, 75.5]
[1, 171, False, 75.5]
[2, 134, False, 75.04232505643341]
[3, 148, False, 75.02376425855513]
[3, 158, False, 75.02376425855513]
[3, 172, False, 75.02376425855513]
[4, 165, False, 75.02333540759179]
[5, 159, False, 75.02332089552239]
[5, 160, False, 75.02332089552239]
[5, 161, False, 75.02332089552239]
[5, 162, False, 75.02332089552239]
[5, 163, False, 75.02332089552239]
[5, 164, False, 75.02332089552239]
[5, 166, False, 75.02332089552239]
[5, 167, False, 75.02332089552239]
[5, 168, False, 75.02332089552239]
[5, 169, False, 75.02332089552239]
[6, 104, False, 64.07600950118764]
[7, 127, False, 64.07339449541284]
[8, 136, False, 59.04002713704207]
[9, 61, False, 56.106463878327]
[10, 128, False, 52.04120443740095]
[11, 141, False, 52.040247678018574]
[12, 90, False, 48.10480349344978]
[12, 93, False, 48.10480349344978]
[13, 109, False, 45.086872586872595]
[14, 91, False, 41.15185185185185]
[15, 75, False, 27.065533980582526]
[16, 118, False, 23.04791666666667]
[16, 119, False, 23.04791666666667]
[16, 124, False, 23.04791666666667]
[16, 133, False, 23.04791666666667]
[17, 126, False, 23.0359375]
[18, 73, False, 16.055555555555557]
[19, 79, False, 16.053691275167786]
[19, 135, False, 16.053691275167786]
[20, 58, False, 16.035555555555554]
[21, 56, False, 16.030188679245285]
[22, 53, False, 12.032258064516128]
[23, 120, False, 9.029411764705882]
[24, 122, False, 7.076086956521739]
[25, 99, False, 7.040697674418604]
[26, 97, False, 7.038461538461538]
[26, 138, False, 7.038461538461538]
[27, 52, False, 5.017123287671232]
[28, 50, False, 4.041666666666667]
[29, 51, False, 2.00990099009901]
[30, 81, False, 0.0]
[30, 112, False, 0.0]

Sus_Naish1:
[1, 63, True, 75.0]
[1, 72, False, 75.0]
[1, 171, False, 75.0]
[2, 50, False, -1.0]
[2, 51, False, -1.0]
[2, 52, False, -1.0]
[2, 53, False, -1.0]
[2, 56, False, -1.0]
[2, 58, False, -1.0]
[2, 61, False, -1.0]
[2, 73, False, -1.0]
[2, 75, False, -1.0]
[2, 79, False, -1.0]
[2, 81, False, -1.0]
[2, 90, False, -1.0]
[2, 91, False, -1.0]
[2, 93, False, -1.0]
[2, 97, False, -1.0]
[2, 99, False, -1.0]
[2, 104, False, -1.0]
[2, 109, False, -1.0]
[2, 112, False, -1.0]
[2, 118, False, -1.0]
[2, 119, False, -1.0]
[2, 120, False, -1.0]
[2, 122, False, -1.0]
[2, 124, False, -1.0]
[2, 126, False, -1.0]
[2, 127, False, -1.0]
[2, 128, False, -1.0]
[2, 133, False, -1.0]
[2, 134, False, -1.0]
[2, 135, False, -1.0]
[2, 136, False, -1.0]
[2, 138, False, -1.0]
[2, 141, False, -1.0]
[2, 148, False, -1.0]
[2, 158, False, -1.0]
[2, 159, False, -1.0]
[2, 160, False, -1.0]
[2, 161, False, -1.0]
[2, 162, False, -1.0]
[2, 163, False, -1.0]
[2, 164, False, -1.0]
[2, 165, False, -1.0]
[2, 166, False, -1.0]
[2, 167, False, -1.0]
[2, 168, False, -1.0]
[2, 169, False, -1.0]
[2, 172, False, -1.0]

