Lang1 * [[0, []], [1, [0, 2]], [2, []]]
Lang3 * [[0, []], [1, [0, 2, 3]], [2, []], [3, []]]
Lang4 * [[0, []], [1, []]]
Lang5 * [[0, []], [1, []], [2, [1]]]
Lang6 * [[0, []], [1, [4]], [2, []], [3, [0]], [4, []], [5, []], [6, [3]], [7, [0]], [8, [0]], [9, [0]], [10, [0]], [11, [0]], [12, [0]], [13, [0]], [14, [0]], [15, [0]], [16, [0]], [17, []], [18, []], [19, []], [20, []], [21, [20]]]
Lang7 * [[0, []], [1, []], [2, [7]], [3, [8]], [4, [9]], [5, []], [6, []], [7, []], [8, []], [9, []], [10, [1, 15, 14, 11, 18, 16, 12, 13, 17]], [11, []], [12, []], [13, []], [14, []], [15, []], [16, []], [17, [1]], [18, [0]]]
Lang8 * [[0, []], [1, []], [2, []], [3, [4, 17]], [4, []], [5, []], [6, []], [7, []], [8, []], [9, [22, 2, 21, 12, 11]], [10, []], [11, [15, 13]], [12, [2, 21, 8, 5, 3]], [13, [6]], [14, [8, 7, 3]], [15, [5]], [16, [4, 17]], [17, []], [18, [4, 17]], [19, []], [20, [28, 29]], [21, []], [22, [23]], [23, [22]], [24, []], [25, []], [26, []], [27, []], [28, []], [29, []], [30, []], [31, [33]], [32, [31]], [33, []], [34, [2, 21, 22]], [35, [25, 36, 24]], [36, []], [37, []]]
Lang9 * [[0, [1]], [1, []], [2, []], [3, [4, 15]], [4, []], [5, []], [6, []], [7, []], [8, []], [9, [10]], [10, [6, 7, 3]], [11, [6, 2, 5, 7, 3]], [12, [6, 2, 5, 8, 3, 13]], [13, []], [14, [4, 15]], [15, []], [16, [4, 15, 2, 5]], [17, [6]], [18, [21]], [19, []], [20, []], [21, []], [22, []], [23, [24]], [24, []], [25, [2, 5, 16]]]
Lang10 * [[0, [1]], [1, []], [2, []], [3, [4, 19]], [4, []], [5, []], [6, []], [7, []], [8, []], [9, [8, 10]], [10, [8, 11]], [11, []], [12, [8]], [13, []], [14, [15]], [15, [6, 7, 3]], [16, [6, 2, 5, 9, 7, 3, 8]], [17, [6, 2, 5, 13, 3]], [18, [4, 19]], [19, []], [20, [4, 19, 2, 5]], [21, [6]], [22, []], [23, []], [24, []], [25, []], [26, [27]], [27, []], [28, [2, 5, 20]]]
Lang11 * [[0, []], [1, []]]
Lang12 * [[0, []], [1, []], [2, []], [3, []], [4, []]]
Lang13 * [[0, []], [1, [3, 4, 0]], [2, []], [3, []], [4, []], [5, []]]
Lang14 * [[0, []]]
Lang15 * [[0, []], [1, []], [2, [17, 3]], [3, [17]], [4, [17, 9]], [5, [10]], [6, [17, 11]], [7, [17]], [8, [17]], [9, [17]], [10, [17]], [11, [17]], [12, []], [13, [17]], [14, [17]], [15, []], [16, [17, 28, 1, 12, 14]], [17, []], [18, [1, 12, 14, 17, 3]], [19, [17, 20, 1, 12, 14]], [20, [17]], [21, [17]], [22, [17, 32]], [23, [17, 20, 16, 18]], [24, [17, 28]], [25, [17, 28, 29]], [26, [17]], [27, [17, 2]], [28, [17]], [29, [17]], [30, [17, 21, 31, 47]], [31, [17]], [32, []], [33, [17]], [34, [17, 30]], [35, [17, 21]], [36, [17, 21]], [37, [17, 21]], [38, [17, 21]], [39, [17, 21]], [40, [17, 21]], [41, [17, 21]], [42, [17, 21]], [43, [17, 21]], [44, [17, 21]], [45, [17]], [46, [17]], [47, [17]], [48, [17]], [49, []], [50, [49]]]
Lang16 * [[0, []], [1, []], [2, [1, 6, 3, 8, 7, 4, 5]], [3, []], [4, []], [5, []], [6, []], [7, []], [8, [0]]]
Lang17 * [[0, []], [1, [4]], [2, [0, 3, 19]], [3, []], [4, []], [5, []], [6, [2]], [7, [0]], [8, [0]], [9, [0]], [10, [0]], [11, [0]], [12, [0]], [13, [0]], [14, [0]], [15, [0]], [16, [0]], [17, []], [18, []], [19, []], [20, []], [21, []], [22, [21]]]
Lang18 * [[0, [11]], [1, []], [2, [27]], [3, []], [4, []], [5, [4, 15]], [6, []], [7, [19, 22, 21]], [8, []], [9, [12]], [10, []], [11, [12]], [12, [11]], [13, []], [14, []], [15, []], [16, []], [17, []], [18, []], [19, []], [20, []], [21, []], [22, []], [23, []], [24, []], [25, [2]], [26, []], [27, []], [28, [8, 9, 10, 11]], [29, [14, 30, 13]], [30, []]]
Lang19 * [[0, []], [1, []], [2, []]]
Lang20 * [[0, []], [1, []], [2, []], [3, []], [4, []]]
Lang21 * [[0, []]]
Lang22 * [[0, []], [1, [0, 4]], [2, []], [3, []], [4, []], [5, [0]], [6, [0, 1, 4]], [7, [2, 3]]]
Lang24 * [[0, []], [1, []], [2, [1, 6, 3, 10, 7, 8, 4, 5, 9]], [3, []], [4, []], [5, []], [6, []], [7, []], [8, []], [9, [1]], [10, [0]], [11, [0]]]
Lang25 * [[0, []], [1, []]]
Lang26 * [[0, []], [1, [2, 7, 3]], [2, [1, 7, 3]], [3, []], [4, [3]], [5, []], [6, [11]], [7, [8]], [8, []], [9, []], [10, []], [11, []]]
Lang27 * [[0, []], [1, []], [2, []], [3, []], [4, [10]], [5, []], [6, [11]], [7, [12]], [8, []], [9, []], [10, []], [11, []], [12, []], [13, []], [14, []], [15, []], [16, [1, 20, 17, 24, 21, 22, 18, 19, 23]], [17, []], [18, []], [19, []], [20, []], [21, []], [22, []], [23, [1]], [24, [0]]]
Lang28 * [[0, []], [1, []], [2, []]]
Lang29 * [[0, []], [1, []], [2, [7]], [3, []], [4, [8]], [5, [9]], [6, []], [7, []], [8, []], [9, []], [10, [11]], [11, []], [12, []], [13, []]]
Lang30 * [[0, []], [1, []], [2, []], [3, []], [4, [2, 3]], [5, [7, 9, 2, 3]], [6, []], [7, [2, 3]], [8, [7, 9, 2, 3]], [9, [2, 3]]]
Lang31 * [[0, []], [1, []], [2, [0, 1]], [3, []]]
Lang32 * [[0, []], [1, [15]], [2, [0]], [3, [13]], [4, [3, 13]], [5, [4, 8, 2, 11, 9]], [6, [10, 5, 12]], [7, []], [8, [3, 13]], [9, [8, 3, 13]], [10, []], [11, [14]], [12, [13]], [13, []], [14, []], [15, [13]]]
Lang33 * [[0, []], [1, []]]
Lang34 * [[0, [52, 65, 1, 15, 50, 61, 12]], [1, [52, 65]], [2, [52, 65]], [3, [52, 65]], [4, [52, 65]], [5, [52, 65]], [6, [52, 65]], [7, [52, 65]], [8, [52, 65]], [9, [20, 52, 65]], [10, [52, 62, 65, 15, 50, 61]], [11, [52, 65, 9, 21, 66]], [12, [10, 52, 65]], [13, [52, 65]], [14, [10, 12, 52, 65, 0]], [15, [10, 20, 9, 52, 65, 62, 63, 64, 11, 21, 66, 12, 24, 0, 13, 14, 68, 1, 22]], [16, []], [17, [52, 65]], [18, [52, 65, 20]], [19, [18, 52, 65, 20]], [20, [45, 52, 65, 49, 46, 47, 48, 17, 18, 19, 66, 51, 15, 50, 61, 23, 12, 32, 21, 28, 29, 30, 22, 31, 24, 33, 72, 25, 34, 26, 27, 70, 71, 73, 74, 75, 76, 77, 78, 79, 80, 81, 82, 83, 84, 85, 86, 87, 0, 35, 69, 38, 36, 37, 39, 40, 41, 42, 43, 44, 1]], [21, [66, 52, 65, 28, 29, 12, 30, 32]], [22, [66, 52, 65, 23, 12, 31, 18, 19]], [23, [52, 65]], [24, [33, 52, 65, 72, 25, 34]], [25, [24, 17, 52, 65, 26, 18, 27, 70, 71, 73, 74, 75, 76, 77, 78, 79, 80, 81, 82, 83, 84, 85, 86, 87, 19]], [26, [0]], [27, [20, 45, 52, 65, 49, 46, 47, 48, 17, 18, 19, 66, 51, 15, 50, 61, 23, 12, 32, 21, 28, 29, 30, 22, 31, 24, 33, 72, 25, 34, 26, 0, 35, 69, 38, 36, 37, 39, 40, 41, 42, 43, 44, 1]], [28, [66, 52, 65, 18, 12]], [29, [66, 38, 52, 65, 18, 12]], [30, [12, 52, 65]], [31, [12, 52, 65]], [32, [12, 52, 65]], [33, [24, 66, 52, 65, 72, 25, 34]], [34, [66, 12, 32, 52, 65]], [35, [52, 65]], [36, [52, 65]], [37, [52, 65]], [38, [29, 66, 52, 65, 18, 12]], [39, [52, 65]], [40, [52, 65]], [41, [52, 65]], [42, [52, 65]], [43, [52, 65]], [44, [43, 52, 65]], [45, [20, 52, 65]], [46, [20, 52, 65]], [47, [20, 52, 65]], [48, [20, 52, 65]], [49, [20, 52, 65]], [50, [52, 65]], [51, []], [52, []], [53, [52, 65, 57]], [54, [12, 52, 65, 13, 67, 53, 56, 66]], [55, [52, 65]], [56, [13, 52, 65]], [57, [52, 53, 65]], [58, [12, 52, 65]], [59, [12, 52, 65]], [60, [52, 65, 13]], [61, [10, 52, 65, 1, 12, 11, 60, 59, 58, 53, 57, 54, 13, 67, 56, 66, 55, 69, 68]], [62, [52, 65, 10, 15, 50, 61]], [63, [51]], [64, []], [65, []], [66, []], [67, [10, 52, 65, 69]], [68, [20, 52, 65]], [69, [12, 52, 65, 66, 72, 24, 25]], [70, [12, 52, 65]], [71, [12, 52, 65]], [72, [66, 12, 52, 65]], [73, [12, 52, 65, 66, 72, 24, 25]], [74, [12, 52, 65]], [75, [12, 52, 65]], [76, [12, 52, 65]], [77, [12, 52, 65]], [78, [12, 52, 65]], [79, [12, 52, 65]], [80, [12, 52, 65]], [81, [12, 52, 65]], [82, [12, 52, 65]], [83, [12, 52, 65]], [84, [12, 52, 65]], [85, [12, 52, 65]], [86, [12, 52, 65]], [87, [12, 52, 65]]]
Lang35 * [[0, [1]], [1, []], [2, []]]
Lang36 * [[0, []], [1, []], [2, []], [3, []], [4, []], [5, []], [6, []], [7, []], [8, []], [9, []], [10, [1, 14, 11, 18, 15, 16, 12, 13, 17]], [11, []], [12, []], [13, []], [14, []], [15, []], [16, []], [17, [1]], [18, [0]], [19, [0]]]
Lang37 * [[0, []]]
Lang38 * [[0, [9]], [1, []], [2, [3, 8, 4, 9]], [3, [2, 8, 4, 9]], [4, []], [5, [4]], [6, []], [7, [13, 12]], [8, []], [9, [10]], [10, []], [11, []], [12, []], [13, []], [14, []]]
Lang39 * [[0, []], [1, []]]
Lang40 * [[0, []], [1, [0]]]
Lang41 * [[0, []], [1, []], [2, []], [3, []], [4, []]]
Lang42 * [[0, [1]], [1, [2]], [2, []], [3, [12]], [4, []], [5, [4, 13, 7, 8]], [6, []], [7, []], [8, [7, 4]], [9, []], [10, [9]], [11, [10, 12]], [12, []], [13, []], [14, [10]], [15, [10]], [16, [3, 14, 10, 11, 15]], [17, [10, 11, 15]]]
Lang43 * [[0, [1]], [1, [2]], [2, []], [3, []], [4, [12]], [5, [12, 4, 7, 8]], [6, []], [7, []], [8, [12, 7, 4]], [9, []], [10, [11]], [11, [13, 12]], [12, []], [13, [12]]]
Lang44 * [[0, [1]], [1, [2]], [2, []], [3, []], [4, []], [5, [4, 7, 8]], [6, []], [7, []], [8, [7, 4]], [9, [10]], [10, []]]
Lang45 * [[0, [1]], [1, [2]], [2, []], [3, []], [4, []], [5, [4, 7, 8]], [6, []], [7, []], [8, [7, 4]], [9, []], [10, []], [11, [9, 10]]]
Lang46 * [[0, [1]], [1, [2]], [2, []], [3, []], [4, []], [5, [4, 7, 8]], [6, []], [7, []], [8, [7, 4]], [9, [10]], [10, [12]], [11, []], [12, [11]], [13, [9, 10, 12]], [14, [12, 11]]]
Lang51 * [[0, []], [1, [2]], [2, [3]], [3, []], [4, []], [5, []], [6, [5, 8, 9]], [7, []], [8, []], [9, [8, 5]]]
Lang52 * [[0, [1]], [1, [2]], [2, []], [3, []], [4, []], [5, [4, 7, 8]], [6, []], [7, []], [8, [7, 4]], [9, [11]], [10, [12]], [11, []], [12, []]]
Lang53 * [[0, [1]], [1, [2]], [2, []], [3, []], [4, []], [5, [4, 7, 8]], [6, []], [7, []], [8, [7, 4]], [9, [10]], [10, []]]
Lang54 * [[0, [1]], [1, [2]], [2, []], [3, []], [4, []], [5, [4, 7, 8]], [6, []], [7, []], [8, [7, 4]], [9, []], [10, []], [11, [10]]]
Lang55 * [[0, [1]], [1, [2]], [2, []], [3, []], [4, []], [5, [4, 7, 8]], [6, []], [7, []], [8, [7, 4]], [9, [10, 11, 12, 13]], [10, [9, 11, 12, 13]], [11, [9, 10, 12, 13]], [12, [9, 10, 11, 13]], [13, [9, 10, 11, 12]]]
Lang57 * [[0, [1]], [1, [2]], [2, []], [3, []], [4, []], [5, [4, 7, 8]], [6, []], [7, []], [8, [7, 4]], [9, []]]
Lang58 * [[0, [1]], [1, [2]], [2, []], [3, []], [4, []], [5, [4, 9, 7, 8]], [6, []], [7, []], [8, [7, 4]], [9, []], [10, []], [11, [10, 12, 14, 13]], [12, []], [13, []], [14, [9]]]
Lang59 * [[0, [1]], [1, [2]], [2, []], [3, []], [4, []], [5, [4, 7, 8]], [6, []], [7, []], [8, [7, 4]], [9, []], [10, [9]], [11, [10]]]
Lang60 * [[0, [1]], [1, [10, 2]], [2, []], [3, [10, 16, 22, 12]], [4, []], [5, [4, 15, 10, 7, 8]], [6, []], [7, []], [8, [10, 7, 4]], [9, [10, 12]], [10, [9, 12, 11, 13, 14, 16, 22, 17, 15]], [11, [9, 10]], [12, [9, 10, 11]], [13, []], [14, [9, 10, 16, 22, 13]], [15, [10]], [16, [10]], [17, [19, 18, 21, 20, 10]], [18, []], [19, [17]], [20, [17]], [21, [17]], [22, [10]]]
Lang61 * [[0, [1]], [1, [10, 2]], [2, []], [3, [15, 10, 16, 12]], [4, []], [5, [4, 10, 7, 8]], [6, []], [7, []], [8, [10, 7, 4]], [9, [10, 12]], [10, [9, 12, 11, 13, 22, 14, 16, 17, 15]], [11, [9, 10]], [12, [9, 10, 11]], [13, []], [14, [9, 10, 16, 13]], [15, []], [16, [10]], [17, [19, 18, 21, 20, 10]], [18, []], [19, [17]], [20, [17]], [21, [17]], [22, [9, 10, 16, 13]]]
Lang62 * [[0, [1]], [1, [2]], [2, []], [3, []], [4, []], [5, [4, 7, 8]], [6, []], [7, []], [8, [7, 4]], [9, []]]
Lang63 * [[0, [1]], [1, [2]], [2, []], [3, []], [4, []], [5, [4, 7, 8]], [6, []], [7, []], [8, [7, 4]], [9, []], [10, []], [11, [14, 16, 13, 15, 12]], [12, [16, 19, 18, 9]], [13, []], [14, [16, 19, 17]], [15, [19]], [16, [19]], [17, [19, 16]], [18, [19]], [19, [16]]]
Lang64 * [[0, [1]], [1, [2]], [2, []], [3, []], [4, []], [5, [10, 4, 12, 9, 7, 8]], [6, [12, 10]], [7, []], [8, [10, 7, 4]], [9, []], [10, [11]], [11, []], [12, [9, 11, 14, 10, 13, 8]], [13, [10, 11]], [14, []], [15, []], [16, [11]]]
Lang65 * [[0, [1]], [1, [2]], [2, []], [3, []], [4, []], [5, [4, 7, 8]], [6, []], [7, []], [8, [7, 4]], [9, [10]], [10, []]]
