rank     line     is_fault_line     suspicious

Sus_Ochiai:
[1, 97, True, 1.0]
[2, 58, False, 0.18257418583505539]
[3, 51, False, 0.18033392693348646]
[4, 61, False, 0.1786474002526241]
[4, 164, False, 0.1786474002526241]
[5, 104, False, 0.10825317547305484]
[6, 56, False, 0.1063990353197863]
[7, 99, False, 0.10580184237878974]
[8, 109, False, 0.0890870806374748]
[9, 127, False, 0.08770580193070292]
[10, 126, False, 0.06956083436402524]
[10, 135, False, 0.06956083436402524]
[10, 141, False, 0.06956083436402524]
[11, 52, False, 0.06950480468569159]
[12, 133, False, 0.06358558550989461]
[12, 138, False, 0.06358558550989461]
[13, 148, False, 0.05578560024792014]
[14, 165, False, 0.04481107149482209]
[15, 158, False, 0.04360207201969473]
[15, 171, False, 0.04360207201969473]
[16, 159, False, 0.04319342127906801]
[16, 160, False, 0.04319342127906801]
[16, 161, False, 0.04319342127906801]
[16, 162, False, 0.04319342127906801]
[16, 163, False, 0.04319342127906801]
[16, 166, False, 0.04319342127906801]
[16, 167, False, 0.04319342127906801]
[16, 168, False, 0.04319342127906801]
[16, 169, False, 0.04319342127906801]
[17, 50, False, 0.0]
[17, 53, False, 0.0]
[17, 63, False, 0.0]
[17, 72, False, 0.0]
[17, 73, False, 0.0]
[17, 79, False, 0.0]
[17, 81, False, 0.0]
[17, 90, False, 0.0]
[17, 91, False, 0.0]
[17, 112, False, 0.0]
[17, 118, False, 0.0]
[17, 119, False, 0.0]
[17, 120, False, 0.0]
[17, 122, False, 0.0]
[17, 124, False, 0.0]
[17, 128, False, 0.0]
[17, 172, False, 0.0]

Sus_Op2:
[1, 97, True, 3.0]
[2, 58, False, 2.9458281444582815]
[3, 61, False, 2.943337484433375]
[3, 164, False, 2.943337484433375]
[4, 104, False, 2.8424657534246576]
[5, 56, False, 2.8368617683686175]
[6, 99, False, 2.8349937733499377]
[7, 127, False, 2.7590286425902866]
[8, 126, False, 2.615815691158157]
[8, 135, False, 2.615815691158157]
[8, 141, False, 2.615815691158157]
[9, 133, False, 2.5398505603985058]
[9, 138, False, 2.5398505603985058]
[10, 148, False, 2.4016189290161893]
[11, 158, False, 2.019302615193026]
[11, 171, False, 2.019302615193026]
[12, 159, False, 2.000622665006227]
[12, 160, False, 2.000622665006227]
[12, 161, False, 2.000622665006227]
[12, 162, False, 2.000622665006227]
[12, 163, False, 2.000622665006227]
[12, 165, False, 2.000622665006227]
[12, 166, False, 2.000622665006227]
[12, 167, False, 2.000622665006227]
[12, 168, False, 2.000622665006227]
[12, 169, False, 2.000622665006227]
[13, 51, False, 1.9757160647571606]
[14, 109, False, 1.8966376089663761]
[15, 52, False, 0.9576587795765878]
[16, 50, False, 0.0]
[16, 79, False, 0.0]
[16, 81, False, 0.0]
[16, 90, False, 0.0]
[16, 112, False, 0.0]
[16, 118, False, 0.0]
[16, 120, False, 0.0]
[16, 122, False, 0.0]
[16, 124, False, 0.0]
[16, 128, False, 0.0]
[16, 172, False, 0.0]
[17, 72, False, -0.0112079701120797]
[18, 119, False, -0.019302615193026153]
[19, 73, False, -0.038605230386052306]
[20, 63, False, -0.0410958904109589]
[21, 53, False, -0.053549190535491904]
[22, 91, False, -0.058530510585305104]

Sus_Tarantula:
[1, 97, True, 1.0]
[2, 51, False, 0.9648331830477909]
[3, 58, False, 0.948581560283688]
[4, 61, False, 0.9463443396226415]
[4, 164, False, 0.9463443396226415]
[5, 52, False, 0.8872305140961858]
[6, 109, False, 0.865695792880259]
[7, 104, False, 0.8638320775026911]
[8, 56, False, 0.8596679164434923]
[9, 99, False, 0.858288770053476]
[10, 127, False, 0.8057228915662651]
[11, 165, False, 0.7642857142857142]
[12, 126, False, 0.7223222322232223]
[12, 135, False, 0.7223222322232223]
[12, 141, False, 0.7223222322232223]
[13, 133, False, 0.6847269624573379]
[13, 138, False, 0.6847269624573379]
[14, 148, False, 0.6254871395167576]
[15, 158, False, 0.5047169811320755]
[15, 171, False, 0.5047169811320755]
[16, 159, False, 0.5]
[16, 160, False, 0.5]
[16, 161, False, 0.5]
[16, 162, False, 0.5]
[16, 163, False, 0.5]
[16, 166, False, 0.5]
[16, 167, False, 0.5]
[16, 168, False, 0.5]
[16, 169, False, 0.5]
[17, 50, False, 0.0]
[17, 53, False, 0.0]
[17, 63, False, 0.0]
[17, 72, False, 0.0]
[17, 73, False, 0.0]
[17, 79, False, 0.0]
[17, 81, False, 0.0]
[17, 90, False, 0.0]
[17, 91, False, 0.0]
[17, 112, False, 0.0]
[17, 118, False, 0.0]
[17, 119, False, 0.0]
[17, 120, False, 0.0]
[17, 122, False, 0.0]
[17, 124, False, 0.0]
[17, 128, False, 0.0]
[17, 172, False, 0.0]

Sus_Dstar3:
[1, 97, True, 1.7976931348623157e+308]
[2, 58, False, 0.3103448275862069]
[3, 61, False, 0.2967032967032967]
[3, 164, False, 0.2967032967032967]
[4, 51, False, 0.2]
[5, 104, False, 0.1067193675889328]
[6, 56, False, 0.10305343511450382]
[7, 99, False, 0.1018867924528302]
[8, 127, False, 0.06976744186046512]
[9, 109, False, 0.04790419161676647]
[10, 126, False, 0.04376012965964344]
[10, 135, False, 0.04376012965964344]
[10, 141, False, 0.04376012965964344]
[11, 133, False, 0.036535859269282815]
[11, 138, False, 0.036535859269282815]
[12, 148, False, 0.02809573361082206]
[13, 158, False, 0.017142857142857144]
[13, 171, False, 0.017142857142857144]
[14, 159, False, 0.016822429906542057]
[14, 160, False, 0.016822429906542057]
[14, 161, False, 0.016822429906542057]
[14, 162, False, 0.016822429906542057]
[14, 163, False, 0.016822429906542057]
[14, 165, False, 0.016822429906542057]
[14, 166, False, 0.016822429906542057]
[14, 167, False, 0.016822429906542057]
[14, 168, False, 0.016822429906542057]
[14, 169, False, 0.016822429906542057]
[15, 52, False, 0.014285714285714285]
[16, 50, False, 0.0]
[16, 53, False, 0.0]
[16, 63, False, 0.0]
[16, 72, False, 0.0]
[16, 73, False, 0.0]
[16, 79, False, 0.0]
[16, 81, False, 0.0]
[16, 90, False, 0.0]
[16, 91, False, 0.0]
[16, 112, False, 0.0]
[16, 118, False, 0.0]
[16, 119, False, 0.0]
[16, 120, False, 0.0]
[16, 122, False, 0.0]
[16, 124, False, 0.0]
[16, 128, False, 0.0]
[16, 172, False, 0.0]

Sus_GP13:
[1, 97, True, 3.5]
[2, 58, False, 3.0166666666666666]
[3, 61, False, 3.0159574468085104]
[3, 164, False, 3.0159574468085104]
[4, 104, False, 3.005859375]
[5, 56, False, 3.005660377358491]
[6, 99, False, 3.0055970149253732]
[7, 127, False, 3.003846153846154]
[8, 126, False, 3.0024193548387093]
[8, 135, False, 3.0024193548387093]
[8, 141, False, 3.0024193548387093]
[9, 133, False, 3.002021563342318]
[9, 138, False, 3.002021563342318]
[10, 148, False, 3.0015560165975104]
[11, 158, False, 3.000950570342205]
[11, 171, False, 3.000950570342205]
[12, 159, False, 3.0009328358208958]
[12, 160, False, 3.0009328358208958]
[12, 161, False, 3.0009328358208958]
[12, 162, False, 3.0009328358208958]
[12, 163, False, 3.0009328358208958]
[12, 165, False, 3.0009328358208958]
[12, 166, False, 3.0009328358208958]
[12, 167, False, 3.0009328358208958]
[12, 168, False, 3.0009328358208958]
[12, 169, False, 3.0009328358208958]
[13, 51, False, 2.024390243902439]
[14, 109, False, 2.005952380952381]
[15, 52, False, 1.0072463768115942]
[16, 50, False, 0.0]
[16, 53, False, 0.0]
[16, 63, False, 0.0]
[16, 72, False, 0.0]
[16, 73, False, 0.0]
[16, 79, False, 0.0]
[16, 81, False, 0.0]
[16, 90, False, 0.0]
[16, 91, False, 0.0]
[16, 112, False, 0.0]
[16, 118, False, 0.0]
[16, 119, False, 0.0]
[16, 120, False, 0.0]
[16, 122, False, 0.0]
[16, 124, False, 0.0]
[16, 128, False, 0.0]
[16, 172, False, 0.0]

Sus_Naish1:
[1, 97, True, 3.0]
[2, 50, False, -1.0]
[2, 51, False, -1.0]
[2, 52, False, -1.0]
[2, 53, False, -1.0]
[2, 56, False, -1.0]
[2, 58, False, -1.0]
[2, 61, False, -1.0]
[2, 63, False, -1.0]
[2, 72, False, -1.0]
[2, 73, False, -1.0]
[2, 79, False, -1.0]
[2, 81, False, -1.0]
[2, 90, False, -1.0]
[2, 91, False, -1.0]
[2, 99, False, -1.0]
[2, 104, False, -1.0]
[2, 109, False, -1.0]
[2, 112, False, -1.0]
[2, 118, False, -1.0]
[2, 119, False, -1.0]
[2, 120, False, -1.0]
[2, 122, False, -1.0]
[2, 124, False, -1.0]
[2, 126, False, -1.0]
[2, 127, False, -1.0]
[2, 128, False, -1.0]
[2, 133, False, -1.0]
[2, 138, False, -1.0]
[2, 141, False, -1.0]
[2, 148, False, -1.0]
[2, 158, False, -1.0]
[2, 159, False, -1.0]
[2, 160, False, -1.0]
[2, 161, False, -1.0]
[2, 162, False, -1.0]
[2, 163, False, -1.0]
[2, 165, False, -1.0]
[2, 166, False, -1.0]
[2, 167, False, -1.0]
[2, 168, False, -1.0]
[2, 169, False, -1.0]
[2, 171, False, -1.0]
[2, 172, False, -1.0]
[3, 164, False, -88.0]
[4, 135, False, -614.0]

