rank     line     is_fault_line     suspicious

Sus_Ochiai:
[1, 97, False, 0.6324555320336759]
[2, 166, False, 0.2008048322256247]
[3, 165, False, 0.19802950859533486]
[4, 118, True, 0.19245008972987526]
[4, 119, False, 0.19245008972987526]
[5, 124, False, 0.19069251784911845]
[5, 126, False, 0.19069251784911845]
[6, 63, False, 0.1893206114156883]
[6, 133, False, 0.1893206114156883]
[6, 148, False, 0.1893206114156883]
[6, 158, False, 0.1893206114156883]
[6, 159, False, 0.1893206114156883]
[6, 160, False, 0.1893206114156883]
[7, 169, False, 0.1651445647689541]
[8, 163, False, 0.14770978917519928]
[9, 90, False, 0.14373989364401724]
[10, 99, False, 0.1414213562373095]
[11, 93, False, 0.1386750490563073]
[11, 104, False, 0.1386750490563073]
[11, 109, False, 0.1386750490563073]
[11, 127, False, 0.1386750490563073]
[11, 128, False, 0.1386750490563073]
[11, 134, False, 0.1386750490563073]
[11, 136, False, 0.1386750490563073]
[11, 141, False, 0.1386750490563073]
[12, 75, False, 0.13176156917368248]
[13, 167, False, 0.130892578601184]
[14, 72, False, 0.12953194003770996]
[14, 73, False, 0.12953194003770996]
[14, 79, False, 0.12953194003770996]
[14, 135, False, 0.12953194003770996]
[15, 58, False, 0.12463539056995115]
[15, 164, False, 0.12463539056995115]
[16, 120, False, 0.12309149097933272]
[17, 161, False, 0.10758287072798381]
[17, 162, False, 0.10758287072798381]
[18, 53, False, 0.10540925533894599]
[19, 61, False, 0.09920947376656813]
[20, 56, False, 0.09534625892455922]
[21, 171, False, 0.08770580193070293]
[22, 172, False, 0.07960612799717215]
[23, 168, False, 0.07886003723456397]
[24, 52, False, 0.071156806696482]
[25, 51, False, 0.05443310539518173]
[26, 50, False, 0.0]
[26, 81, False, 0.0]
[26, 91, False, 0.0]
[26, 112, False, 0.0]
[26, 122, False, 0.0]

Sus_Op2:
[1, 166, False, 9.851156973108193]
[2, 165, False, 9.846779237023139]
[3, 118, True, 9.83739837398374]
[3, 119, False, 9.83739837398374]
[4, 124, False, 9.834271419637274]
[4, 126, False, 9.834271419637274]
[5, 63, False, 9.8317698561601]
[5, 133, False, 9.8317698561601]
[5, 148, False, 9.8317698561601]
[5, 158, False, 9.8317698561601]
[5, 159, False, 9.8317698561601]
[5, 160, False, 9.8317698561601]
[6, 134, False, 9.40838023764853]
[7, 171, False, 9.019387116948092]
[7, 172, False, 9.019387116948092]
[8, 161, False, 9.000625390869294]
[8, 162, False, 9.000625390869294]
[8, 163, False, 9.000625390869294]
[8, 164, False, 9.000625390869294]
[8, 167, False, 9.000625390869294]
[8, 168, False, 9.000625390869294]
[8, 169, False, 9.000625390869294]
[9, 104, False, 5.725453408380238]
[10, 127, False, 5.712320200125078]
[11, 90, False, 4.927454659161977]
[12, 99, False, 4.924953095684803]
[13, 97, False, 4.923702313946216]
[14, 93, False, 4.921826141338337]
[14, 109, False, 4.921826141338337]
[14, 128, False, 4.921826141338337]
[14, 136, False, 4.921826141338337]
[14, 141, False, 4.921826141338337]
[15, 75, False, 4.91307066916823]
[16, 72, False, 4.909943714821764]
[16, 73, False, 4.909943714821764]
[16, 79, False, 4.909943714821764]
[16, 135, False, 4.909943714821764]
[17, 120, False, 4.899937460913071]
[18, 53, False, 4.862414008755472]
[19, 58, False, 4.857410881801126]
[20, 61, False, 4.8442776735459665]
[21, 56, False, 4.831144465290807]
[22, 52, False, 2.8874296435272044]
[23, 51, False, 1.91682301438399]
[24, 50, False, 0.0]
[24, 81, False, 0.0]
[24, 91, False, 0.0]
[24, 112, False, 0.0]
[24, 122, False, 0.0]

Sus_Tarantula:
[1, 97, False, 1.0]
[2, 169, False, 0.8838495575221239]
[3, 119, False, 0.87417943107221]
[4, 90, False, 0.873224043715847]
[5, 166, False, 0.8703703703703702]
[6, 99, False, 0.8694232861806311]
[7, 118, True, 0.8675352877307274]
[8, 165, False, 0.8670645686380901]
[9, 58, False, 0.8658900027092928]
[9, 164, False, 0.8658900027092928]
[10, 93, False, 0.8647186147186148]
[10, 104, False, 0.8647186147186148]
[10, 109, False, 0.8647186147186148]
[10, 127, False, 0.8647186147186148]
[10, 128, False, 0.8647186147186148]
[10, 134, False, 0.8647186147186148]
[10, 136, False, 0.8647186147186148]
[10, 141, False, 0.8647186147186148]
[10, 148, False, 0.8647186147186148]
[10, 171, False, 0.8647186147186148]
[11, 124, False, 0.8577563070316694]
[11, 126, False, 0.8577563070316694]
[11, 163, False, 0.8577563070316694]
[12, 63, False, 0.8559185859667916]
[12, 133, False, 0.8559185859667916]
[12, 158, False, 0.8559185859667916]
[12, 159, False, 0.8559185859667916]
[12, 160, False, 0.8559185859667916]
[13, 75, False, 0.85181236673774]
[14, 72, False, 0.8472958642629905]
[14, 73, False, 0.8472958642629905]
[14, 79, False, 0.8472958642629905]
[14, 135, False, 0.8472958642629905]
[15, 120, False, 0.8331595411887383]
[16, 52, False, 0.8058497226424609]
[17, 167, False, 0.8003720663995421]
[18, 161, False, 0.791089108910891]
[18, 162, False, 0.791089108910891]
[19, 51, False, 0.7841020608439647]
[20, 53, False, 0.7841020608439646]
[21, 61, False, 0.7624045801526718]
[22, 56, False, 0.7474275023386343]
[23, 172, False, 0.5047378395451674]
[24, 168, False, 0.5]
[25, 50, False, 0.0]
[25, 81, False, 0.0]
[25, 91, False, 0.0]
[25, 112, False, 0.0]
[25, 122, False, 0.0]

Sus_Dstar3:
[1, 97, False, 10.666666666666666]
[2, 166, False, 4.201680672268908]
[3, 165, False, 4.081632653061225]
[4, 118, True, 3.8461538461538463]
[4, 119, False, 3.8461538461538463]
[5, 124, False, 3.7735849056603774]
[5, 126, False, 3.7735849056603774]
[6, 63, False, 3.717472118959108]
[6, 133, False, 3.717472118959108]
[6, 148, False, 3.717472118959108]
[6, 158, False, 3.717472118959108]
[6, 159, False, 3.717472118959108]
[6, 160, False, 3.717472118959108]
[7, 169, False, 1.6615384615384616]
[8, 163, False, 1.3251533742331287]
[9, 167, False, 1.2163120567375887]
[10, 134, False, 1.0570824524312896]
[11, 90, False, 1.0330578512396693]
[12, 99, False, 1.0]
[13, 93, False, 0.9615384615384616]
[13, 104, False, 0.9615384615384616]
[13, 109, False, 0.9615384615384616]
[13, 127, False, 0.9615384615384616]
[13, 128, False, 0.9615384615384616]
[13, 136, False, 0.9615384615384616]
[13, 141, False, 0.9615384615384616]
[14, 75, False, 0.8680555555555556]
[15, 72, False, 0.8389261744966443]
[15, 73, False, 0.8389261744966443]
[15, 79, False, 0.8389261744966443]
[15, 135, False, 0.8389261744966443]
[16, 120, False, 0.7575757575757576]
[17, 164, False, 0.7309941520467836]
[18, 171, False, 0.6377551020408163]
[18, 172, False, 0.6377551020408163]
[19, 161, False, 0.6257822277847309]
[19, 162, False, 0.6257822277847309]
[19, 168, False, 0.6257822277847309]
[20, 58, False, 0.6095238095238096]
[21, 53, False, 0.5555555555555556]
[22, 61, False, 0.4921259842519685]
[23, 56, False, 0.45454545454545453]
[24, 52, False, 0.1443850267379679]
[25, 51, False, 0.05673758865248227]
[26, 50, False, 0.0]
[26, 81, False, 0.0]
[26, 91, False, 0.0]
[26, 112, False, 0.0]
[26, 122, False, 0.0]

Sus_GP13:
[1, 166, False, 10.02016129032258]
[2, 165, False, 10.019607843137255]
[3, 118, True, 10.018518518518517]
[3, 119, False, 10.018518518518517]
[4, 124, False, 10.018181818181818]
[4, 126, False, 10.018181818181818]
[5, 63, False, 10.017921146953405]
[5, 133, False, 10.017921146953405]
[5, 148, False, 10.017921146953405]
[5, 158, False, 10.017921146953405]
[5, 159, False, 10.017921146953405]
[5, 160, False, 10.017921146953405]
[6, 134, False, 10.005230125523013]
[7, 171, False, 10.00316856780735]
[7, 172, False, 10.00316856780735]
[8, 161, False, 10.003109452736318]
[8, 162, False, 10.003109452736318]
[8, 163, False, 10.003109452736318]
[8, 164, False, 10.003109452736318]
[8, 167, False, 10.003109452736318]
[8, 168, False, 10.003109452736318]
[8, 169, False, 10.003109452736318]
[9, 104, False, 6.0067415730337075]
[10, 127, False, 6.006437768240344]
[11, 90, False, 5.020661157024794]
[12, 99, False, 5.02]
[13, 97, False, 5.019685039370079]
[14, 93, False, 5.019230769230769]
[14, 109, False, 5.019230769230769]
[14, 128, False, 5.019230769230769]
[14, 136, False, 5.019230769230769]
[14, 141, False, 5.019230769230769]
[15, 75, False, 5.017361111111112]
[16, 72, False, 5.016778523489933]
[16, 73, False, 5.016778523489933]
[16, 79, False, 5.016778523489933]
[16, 135, False, 5.016778523489933]
[17, 120, False, 5.015151515151515]
[18, 53, False, 5.011111111111111]
[19, 58, False, 5.010729613733905]
[20, 61, False, 5.009842519685039]
[21, 56, False, 5.009090909090909]
[22, 52, False, 3.0081967213114753]
[23, 51, False, 2.0074074074074075]
[24, 50, False, 0.0]
[24, 81, False, 0.0]
[24, 91, False, 0.0]
[24, 112, False, 0.0]
[24, 122, False, 0.0]

Sus_Naish1:
[1, 50, False, -1.0]
[1, 51, False, -1.0]
[1, 52, False, -1.0]
[1, 53, False, -1.0]
[1, 56, False, -1.0]
[1, 58, False, -1.0]
[1, 61, False, -1.0]
[1, 63, False, -1.0]
[1, 72, False, -1.0]
[1, 73, False, -1.0]
[1, 75, False, -1.0]
[1, 79, False, -1.0]
[1, 81, False, -1.0]
[1, 90, False, -1.0]
[1, 91, False, -1.0]
[1, 93, False, -1.0]
[1, 97, False, -1.0]
[1, 99, False, -1.0]
[1, 104, False, -1.0]
[1, 109, False, -1.0]
[1, 112, False, -1.0]
[1, 118, True, -1.0]
[1, 119, False, -1.0]
[1, 120, False, -1.0]
[1, 122, False, -1.0]
[1, 124, False, -1.0]
[1, 126, False, -1.0]
[1, 127, False, -1.0]
[1, 128, False, -1.0]
[1, 133, False, -1.0]
[1, 134, False, -1.0]
[1, 135, False, -1.0]
[1, 136, False, -1.0]
[1, 141, False, -1.0]
[1, 148, False, -1.0]
[1, 158, False, -1.0]
[1, 159, False, -1.0]
[1, 160, False, -1.0]
[1, 161, False, -1.0]
[1, 162, False, -1.0]
[1, 163, False, -1.0]
[1, 164, False, -1.0]
[1, 165, False, -1.0]
[1, 166, False, -1.0]
[1, 167, False, -1.0]
[1, 168, False, -1.0]
[1, 169, False, -1.0]
[1, 171, False, -1.0]
[2, 172, False, -1558.0]

