rank     line     is_fault_line     suspicious

Sus_Ochiai:
[1, 51, True, 0.6708203932499369]
[2, 58, False, 0.5366563145999496]
[3, 164, False, 0.5262348115842175]
[3, 165, False, 0.5262348115842175]
[4, 73, False, 0.4193710684146629]
[4, 75, False, 0.4193710684146629]
[5, 109, False, 0.41576092031014994]
[6, 72, False, 0.4134053154015559]
[6, 79, False, 0.4134053154015559]
[6, 90, False, 0.4134053154015559]
[6, 104, False, 0.4134053154015559]
[6, 126, False, 0.4134053154015559]
[6, 127, False, 0.4134053154015559]
[6, 128, False, 0.4134053154015559]
[6, 133, False, 0.4134053154015559]
[6, 134, False, 0.4134053154015559]
[6, 135, False, 0.4134053154015559]
[6, 138, False, 0.4134053154015559]
[7, 63, False, 0.40222445448345356]
[8, 163, False, 0.39487698723975595]
[9, 56, False, 0.3566629789666584]
[10, 119, False, 0.34249789021949434]
[11, 61, False, 0.34175337130066]
[12, 169, False, 0.3413466335496002]
[13, 166, False, 0.33596597197983935]
[14, 118, False, 0.3180732125814321]
[14, 124, False, 0.3180732125814321]
[14, 148, False, 0.3180732125814321]
[14, 158, False, 0.3180732125814321]
[14, 159, False, 0.3180732125814321]
[14, 160, False, 0.3180732125814321]
[14, 172, False, 0.3180732125814321]
[15, 120, False, 0.30800886289773866]
[16, 167, False, 0.18958337436159572]
[17, 168, False, 0.17201561551404668]
[18, 122, False, 0.1701758234142103]
[18, 161, False, 0.1701758234142103]
[19, 171, False, 0.15104200810677723]
[20, 162, False, 0.14962640041614492]
[21, 97, False, 0.045454545454545456]
[22, 141, False, 0.020637208585324904]
[23, 50, False, 0.0]
[23, 52, False, 0.0]
[23, 53, False, 0.0]
[23, 81, False, 0.0]
[23, 91, False, 0.0]
[23, 93, False, 0.0]
[23, 99, False, 0.0]
[23, 112, False, 0.0]

Sus_Op2:
[1, 51, True, 35.97202797202797]
[2, 58, False, 35.94342021614749]
[3, 164, False, 35.94024157660521]
[3, 165, False, 35.94024157660521]
[4, 56, False, 35.84297520661157]
[5, 134, False, 35.459631277813095]
[6, 148, False, 35.01970756516211]
[6, 158, False, 35.01970756516211]
[6, 171, False, 35.01970756516211]
[6, 172, False, 35.01970756516211]
[7, 159, False, 35.00063572790845]
[7, 160, False, 35.00063572790845]
[7, 161, False, 35.00063572790845]
[7, 162, False, 35.00063572790845]
[7, 163, False, 35.00063572790845]
[7, 166, False, 35.00063572790845]
[7, 167, False, 35.00063572790845]
[7, 168, False, 35.00063572790845]
[7, 169, False, 35.00063572790845]
[8, 73, False, 32.91163382072473]
[8, 75, False, 32.91163382072473]
[9, 109, False, 32.909726636999366]
[10, 72, False, 32.908455181182454]
[10, 79, False, 32.908455181182454]
[10, 90, False, 32.908455181182454]
[10, 104, False, 32.908455181182454]
[10, 126, False, 32.908455181182454]
[10, 127, False, 32.908455181182454]
[10, 128, False, 32.908455181182454]
[10, 133, False, 32.908455181182454]
[10, 135, False, 32.908455181182454]
[10, 138, False, 32.908455181182454]
[11, 63, False, 32.86458995549905]
[12, 61, False, 32.85632549268913]
[13, 118, False, 32.83089637635092]
[13, 119, False, 32.83089637635092]
[13, 124, False, 32.83089637635092]
[14, 120, False, 24.899554990464082]
[15, 122, False, 6.974570883661793]
[16, 97, False, 2.9249841068022886]
[17, 141, False, 2.6287349014621744]
[18, 50, False, 0.0]
[18, 81, False, 0.0]
[18, 91, False, 0.0]
[18, 93, False, 0.0]
[18, 99, False, 0.0]
[18, 112, False, 0.0]
[19, 52, False, -0.04704386522568341]
[20, 53, False, -0.05848696757787667]

Sus_Tarantula:
[1, 51, True, 0.9727722772277227]
[2, 58, False, 0.946417820590006]
[3, 164, False, 0.943577430972389]
[3, 165, False, 0.943577430972389]
[4, 73, False, 0.9120253164556962]
[4, 75, False, 0.9120253164556962]
[5, 109, False, 0.9102969046114971]
[6, 63, False, 0.9099260587049071]
[7, 72, False, 0.9091482649842271]
[7, 79, False, 0.9091482649842271]
[7, 90, False, 0.9091482649842271]
[7, 104, False, 0.9091482649842271]
[7, 126, False, 0.9091482649842271]
[7, 127, False, 0.9091482649842271]
[7, 128, False, 0.9091482649842271]
[7, 133, False, 0.9091482649842271]
[7, 134, False, 0.9091482649842271]
[7, 135, False, 0.9091482649842271]
[7, 138, False, 0.9091482649842271]
[8, 169, False, 0.9065743944636678]
[8, 171, False, 0.9065743944636678]
[9, 163, False, 0.8995006242197253]
[10, 119, False, 0.8987376509330406]
[11, 168, False, 0.8868471953578337]
[12, 120, False, 0.884281581485053]
[12, 122, False, 0.884281581485053]
[12, 160, False, 0.884281581485053]
[12, 161, False, 0.884281581485053]
[13, 118, False, 0.8733333333333334]
[14, 61, False, 0.8644271145770845]
[15, 56, False, 0.8642111050027487]
[16, 166, False, 0.8597852028639618]
[17, 124, False, 0.8441710603397774]
[17, 148, False, 0.8441710603397774]
[17, 158, False, 0.8441710603397774]
[17, 159, False, 0.8441710603397774]
[17, 172, False, 0.8441710603397774]
[18, 167, False, 0.7613949219944938]
[19, 97, False, 0.5261044176706826]
[20, 162, False, 0.5]
[21, 141, False, 0.18321678321678322]
[22, 50, False, 0.0]
[22, 52, False, 0.0]
[22, 53, False, 0.0]
[22, 81, False, 0.0]
[22, 91, False, 0.0]
[22, 93, False, 0.0]
[22, 99, False, 0.0]
[22, 112, False, 0.0]

Sus_Dstar3:
[1, 51, True, 1060.3636363636363]
[2, 58, False, 524.2247191011236]
[3, 164, False, 496.3404255319149]
[3, 165, False, 496.3404255319149]
[4, 73, False, 253.07746478873239]
[4, 75, False, 253.07746478873239]
[5, 109, False, 247.84137931034482]
[6, 72, False, 244.46938775510205]
[6, 79, False, 244.46938775510205]
[6, 90, False, 244.46938775510205]
[6, 104, False, 244.46938775510205]
[6, 126, False, 244.46938775510205]
[6, 127, False, 244.46938775510205]
[6, 128, False, 244.46938775510205]
[6, 133, False, 244.46938775510205]
[6, 134, False, 244.46938775510205]
[6, 135, False, 244.46938775510205]
[6, 138, False, 244.46938775510205]
[7, 163, False, 219.1280487804878]
[8, 63, False, 214.32374100719426]
[9, 56, False, 188.8906882591093]
[10, 61, False, 156.9301310043668]
[11, 166, False, 150.99579831932772]
[12, 118, False, 133.59479553903347]
[12, 119, False, 133.59479553903347]
[12, 124, False, 133.59479553903347]
[12, 148, False, 133.59479553903347]
[12, 158, False, 133.59479553903347]
[12, 159, False, 133.59479553903347]
[12, 160, False, 133.59479553903347]
[12, 172, False, 133.59479553903347]
[13, 169, False, 115.74074074074075]
[14, 120, False, 92.45562130177515]
[15, 171, False, 30.2568093385214]
[16, 161, False, 29.6793893129771]
[16, 162, False, 29.6793893129771]
[16, 167, False, 29.6793893129771]
[16, 168, False, 29.6793893129771]
[17, 122, False, 4.971014492753623]
[18, 97, False, 0.17880794701986755]
[19, 141, False, 0.04376012965964344]
[20, 50, False, 0.0]
[20, 52, False, 0.0]
[20, 53, False, 0.0]
[20, 81, False, 0.0]
[20, 91, False, 0.0]
[20, 93, False, 0.0]
[20, 99, False, 0.0]
[20, 112, False, 0.0]

Sus_GP13:
[1, 51, True, 36.225]
[2, 58, False, 36.144]
[3, 164, False, 36.13846153846154]
[3, 165, False, 36.13846153846154]
[4, 56, False, 36.063604240282686]
[5, 134, False, 36.020316027088036]
[6, 148, False, 36.01140684410646]
[6, 158, False, 36.01140684410646]
[6, 171, False, 36.01140684410646]
[6, 172, False, 36.01140684410646]
[7, 159, False, 36.01119402985075]
[7, 160, False, 36.01119402985075]
[7, 161, False, 36.01119402985075]
[7, 162, False, 36.01119402985075]
[7, 163, False, 36.01119402985075]
[7, 166, False, 36.01119402985075]
[7, 167, False, 36.01119402985075]
[7, 168, False, 36.01119402985075]
[7, 169, False, 36.01119402985075]
[8, 73, False, 33.09593023255814]
[8, 75, False, 33.09593023255814]
[9, 109, False, 33.09428571428572]
[10, 72, False, 33.093220338983045]
[10, 79, False, 33.093220338983045]
[10, 90, False, 33.093220338983045]
[10, 104, False, 33.093220338983045]
[10, 126, False, 33.093220338983045]
[10, 127, False, 33.093220338983045]
[10, 128, False, 33.093220338983045]
[10, 133, False, 33.093220338983045]
[10, 135, False, 33.093220338983045]
[10, 138, False, 33.093220338983045]
[11, 63, False, 33.0670731707317]
[12, 61, False, 33.06370656370657]
[13, 118, False, 33.0551839464883]
[13, 119, False, 33.0551839464883]
[13, 124, False, 33.0551839464883]
[14, 120, False, 25.06830601092896]
[15, 122, False, 7.074468085106384]
[16, 97, False, 3.0123966942148765]
[17, 141, False, 3.0025553662691653]
[18, 50, False, 0.0]
[18, 52, False, 0.0]
[18, 53, False, 0.0]
[18, 81, False, 0.0]
[18, 91, False, 0.0]
[18, 93, False, 0.0]
[18, 99, False, 0.0]
[18, 112, False, 0.0]

Sus_Naish1:
[1, 50, False, -1.0]
[1, 51, True, -1.0]
[1, 52, False, -1.0]
[1, 53, False, -1.0]
[1, 56, False, -1.0]
[1, 58, False, -1.0]
[1, 61, False, -1.0]
[1, 63, False, -1.0]
[1, 72, False, -1.0]
[1, 73, False, -1.0]
[1, 75, False, -1.0]
[1, 79, False, -1.0]
[1, 81, False, -1.0]
[1, 90, False, -1.0]
[1, 91, False, -1.0]
[1, 93, False, -1.0]
[1, 97, False, -1.0]
[1, 99, False, -1.0]
[1, 104, False, -1.0]
[1, 109, False, -1.0]
[1, 112, False, -1.0]
[1, 118, False, -1.0]
[1, 119, False, -1.0]
[1, 120, False, -1.0]
[1, 122, False, -1.0]
[1, 124, False, -1.0]
[1, 126, False, -1.0]
[1, 127, False, -1.0]
[1, 128, False, -1.0]
[1, 133, False, -1.0]
[1, 134, False, -1.0]
[1, 135, False, -1.0]
[1, 138, False, -1.0]
[1, 141, False, -1.0]
[1, 148, False, -1.0]
[1, 158, False, -1.0]
[1, 159, False, -1.0]
[1, 160, False, -1.0]
[1, 161, False, -1.0]
[1, 162, False, -1.0]
[1, 163, False, -1.0]
[1, 164, False, -1.0]
[1, 165, False, -1.0]
[1, 166, False, -1.0]
[1, 167, False, -1.0]
[1, 168, False, -1.0]
[1, 169, False, -1.0]
[1, 171, False, -1.0]
[1, 172, False, -1.0]

