rank     line     is_fault_line     suspicious

Sus_Ochiai:
[1, 72, True, 1.0]
[2, 169, False, 0.4242640687119285]
[2, 171, False, 0.4242640687119285]
[3, 75, False, 0.35603449745815596]
[4, 109, False, 0.33541019662496846]
[5, 73, False, 0.3333333333333333]
[5, 81, False, 0.3333333333333333]
[5, 90, False, 0.3333333333333333]
[5, 104, False, 0.3333333333333333]
[5, 126, False, 0.3333333333333333]
[5, 127, False, 0.3333333333333333]
[5, 128, False, 0.3333333333333333]
[5, 133, False, 0.3333333333333333]
[5, 134, False, 0.3333333333333333]
[5, 141, False, 0.3333333333333333]
[6, 164, False, 0.3234983196103152]
[7, 163, False, 0.317109853549014]
[8, 63, False, 0.2773500981126146]
[9, 58, False, 0.2738612787525831]
[10, 165, False, 0.26620695282483414]
[10, 166, False, 0.26620695282483414]
[11, 119, False, 0.2617862404430767]
[12, 118, False, 0.2544566789039913]
[13, 56, False, 0.253546276418555]
[14, 124, False, 0.2504351613389047]
[14, 148, False, 0.2504351613389047]
[14, 158, False, 0.2504351613389047]
[14, 159, False, 0.2504351613389047]
[14, 160, False, 0.2504351613389047]
[14, 172, False, 0.2504351613389047]
[15, 120, False, 0.23500799597021085]
[16, 53, False, 0.18856180831641267]
[17, 168, False, 0.17766726362967536]
[18, 122, False, 0.17568209223157663]
[18, 161, False, 0.17568209223157663]
[19, 51, False, 0.16835875742536846]
[20, 52, False, 0.13259288069595498]
[21, 162, False, 0.10580184237878974]
[21, 167, False, 0.10580184237878974]
[22, 50, False, 0.0]
[22, 61, False, 0.0]
[22, 91, False, 0.0]
[22, 97, False, 0.0]
[22, 99, False, 0.0]
[22, 112, False, 0.0]

Sus_Op2:
[1, 72, True, 18.0]
[2, 75, False, 17.9220615964802]
[3, 109, False, 17.910747957259584]
[4, 73, False, 17.909490886235073]
[4, 81, False, 17.909490886235073]
[4, 90, False, 17.909490886235073]
[4, 104, False, 17.909490886235073]
[4, 126, False, 17.909490886235073]
[4, 127, False, 17.909490886235073]
[4, 128, False, 17.909490886235073]
[4, 133, False, 17.909490886235073]
[4, 134, False, 17.909490886235073]
[4, 141, False, 17.909490886235073]
[5, 164, False, 17.90320553111251]
[6, 163, False, 17.89880578252671]
[7, 63, False, 17.864236329352607]
[8, 58, False, 17.86046511627907]
[9, 165, False, 17.85166561910748]
[9, 166, False, 17.85166561910748]
[10, 118, False, 17.836580766813324]
[11, 56, False, 17.835323695788812]
[12, 119, False, 17.83092394720302]
[12, 124, False, 17.83092394720302]
[12, 148, False, 17.83092394720302]
[12, 158, False, 17.83092394720302]
[12, 159, False, 17.83092394720302]
[12, 160, False, 17.83092394720302]
[12, 172, False, 17.83092394720302]
[13, 171, False, 17.01948460087995]
[14, 161, False, 17.000628535512256]
[14, 162, False, 17.000628535512256]
[14, 167, False, 17.000628535512256]
[14, 168, False, 17.000628535512256]
[14, 169, False, 17.000628535512256]
[15, 120, False, 12.901319924575738]
[16, 53, False, 7.942174732872408]
[17, 122, False, 4.974858579509743]
[18, 51, False, 4.972344437460716]
[19, 52, False, 4.953488372093023]
[20, 50, False, 0.0]
[20, 61, False, 0.0]
[20, 97, False, 0.0]
[20, 99, False, 0.0]
[20, 112, False, 0.0]
[21, 91, False, -0.0056568196103079825]

Sus_Tarantula:
[1, 72, True, 1.0]
[2, 169, False, 0.9802712700369913]
[2, 171, False, 0.9802712700369913]
[3, 75, False, 0.927654609101517]
[4, 63, False, 0.9222737819025523]
[5, 168, False, 0.9188626907073509]
[6, 109, False, 0.918013856812933]
[7, 73, False, 0.9169550173010381]
[7, 81, False, 0.9169550173010381]
[7, 90, False, 0.9169550173010381]
[7, 104, False, 0.9169550173010381]
[7, 120, False, 0.9169550173010381]
[7, 122, False, 0.9169550173010381]
[7, 126, False, 0.9169550173010381]
[7, 127, False, 0.9169550173010381]
[7, 128, False, 0.9169550173010381]
[7, 133, False, 0.9169550173010381]
[7, 134, False, 0.9169550173010381]
[7, 141, False, 0.9169550173010381]
[7, 160, False, 0.9169550173010381]
[7, 161, False, 0.9169550173010381]
[8, 164, False, 0.911697247706422]
[9, 51, False, 0.9094028826355526]
[10, 163, False, 0.9080525414049114]
[11, 119, False, 0.9025412627718103]
[12, 53, False, 0.8848080133555927]
[13, 165, False, 0.8825978351373855]
[14, 58, False, 0.8774834437086093]
[15, 166, False, 0.8707557502738226]
[16, 118, False, 0.8594594594594595]
[17, 56, False, 0.8585313174946004]
[18, 124, False, 0.8581606217616581]
[19, 52, False, 0.8564964447317389]
[20, 148, False, 0.8552985476062399]
[20, 158, False, 0.8552985476062399]
[20, 159, False, 0.8552985476062399]
[20, 172, False, 0.8552985476062399]
[21, 162, False, 0.5]
[21, 167, False, 0.5]
[22, 50, False, 0.0]
[22, 61, False, 0.0]
[22, 91, False, 0.0]
[22, 97, False, 0.0]
[22, 99, False, 0.0]
[22, 112, False, 0.0]

Sus_Dstar3:
[1, 72, True, 1.7976931348623157e+308]
[2, 75, False, 47.03225806451613]
[3, 109, False, 41.070422535211264]
[4, 73, False, 40.5]
[4, 81, False, 40.5]
[4, 90, False, 40.5]
[4, 104, False, 40.5]
[4, 126, False, 40.5]
[4, 127, False, 40.5]
[4, 128, False, 40.5]
[4, 133, False, 40.5]
[4, 134, False, 40.5]
[4, 141, False, 40.5]
[5, 164, False, 37.87012987012987]
[6, 163, False, 36.22360248447205]
[7, 169, False, 29.16]
[7, 171, False, 29.16]
[8, 63, False, 27.0]
[9, 58, False, 26.27027027027027]
[10, 165, False, 24.71186440677966]
[10, 166, False, 24.71186440677966]
[11, 118, False, 22.43076923076923]
[12, 56, False, 22.259541984732824]
[13, 119, False, 21.680297397769518]
[13, 124, False, 21.680297397769518]
[13, 148, False, 21.680297397769518]
[13, 158, False, 21.680297397769518]
[13, 159, False, 21.680297397769518]
[13, 160, False, 21.680297397769518]
[13, 172, False, 21.680297397769518]
[14, 120, False, 13.561728395061728]
[15, 53, False, 5.019607843137255]
[16, 161, False, 3.667924528301887]
[16, 162, False, 3.667924528301887]
[16, 167, False, 3.667924528301887]
[16, 168, False, 3.667924528301887]
[17, 122, False, 2.358490566037736]
[18, 51, False, 2.192982456140351]
[19, 52, False, 1.4367816091954022]
[20, 50, False, 0.0]
[20, 61, False, 0.0]
[20, 91, False, 0.0]
[20, 97, False, 0.0]
[20, 99, False, 0.0]
[20, 112, False, 0.0]

Sus_GP13:
[1, 72, True, 18.5]
[2, 75, False, 18.063380281690144]
[3, 109, False, 18.056250000000002]
[4, 73, False, 18.055555555555557]
[4, 81, False, 18.055555555555557]
[4, 90, False, 18.055555555555557]
[4, 104, False, 18.055555555555557]
[4, 126, False, 18.055555555555557]
[4, 127, False, 18.055555555555557]
[4, 128, False, 18.055555555555557]
[4, 133, False, 18.055555555555557]
[4, 134, False, 18.055555555555557]
[4, 141, False, 18.055555555555557]
[5, 164, False, 18.052325581395348]
[6, 163, False, 18.05027932960894]
[7, 63, False, 18.03846153846154]
[8, 58, False, 18.0375]
[9, 165, False, 18.03543307086614]
[9, 166, False, 18.03543307086614]
[10, 118, False, 18.032374100719423]
[11, 56, False, 18.03214285714286]
[12, 119, False, 18.031358885017422]
[12, 124, False, 18.031358885017422]
[12, 148, False, 18.031358885017422]
[12, 158, False, 18.031358885017422]
[12, 159, False, 18.031358885017422]
[12, 160, False, 18.031358885017422]
[12, 172, False, 18.031358885017422]
[13, 171, False, 18.00570342205323]
[14, 161, False, 18.005597014925375]
[14, 162, False, 18.005597014925375]
[14, 167, False, 18.005597014925375]
[14, 168, False, 18.005597014925375]
[14, 169, False, 18.005597014925375]
[15, 120, False, 13.038235294117648]
[16, 53, False, 8.04]
[17, 122, False, 5.055555555555555]
[18, 51, False, 5.051020408163264]
[19, 52, False, 5.031645569620253]
[20, 50, False, 0.0]
[20, 61, False, 0.0]
[20, 91, False, 0.0]
[20, 97, False, 0.0]
[20, 99, False, 0.0]
[20, 112, False, 0.0]

Sus_Naish1:
[1, 72, True, 18.0]
[2, 50, False, -1.0]
[2, 51, False, -1.0]
[2, 52, False, -1.0]
[2, 53, False, -1.0]
[2, 56, False, -1.0]
[2, 58, False, -1.0]
[2, 61, False, -1.0]
[2, 63, False, -1.0]
[2, 73, False, -1.0]
[2, 75, False, -1.0]
[2, 81, False, -1.0]
[2, 90, False, -1.0]
[2, 91, False, -1.0]
[2, 97, False, -1.0]
[2, 99, False, -1.0]
[2, 104, False, -1.0]
[2, 109, False, -1.0]
[2, 112, False, -1.0]
[2, 118, False, -1.0]
[2, 119, False, -1.0]
[2, 120, False, -1.0]
[2, 122, False, -1.0]
[2, 124, False, -1.0]
[2, 126, False, -1.0]
[2, 127, False, -1.0]
[2, 128, False, -1.0]
[2, 133, False, -1.0]
[2, 134, False, -1.0]
[2, 148, False, -1.0]
[2, 158, False, -1.0]
[2, 160, False, -1.0]
[2, 161, False, -1.0]
[2, 162, False, -1.0]
[2, 163, False, -1.0]
[2, 164, False, -1.0]
[2, 165, False, -1.0]
[2, 166, False, -1.0]
[2, 167, False, -1.0]
[2, 168, False, -1.0]
[2, 169, False, -1.0]
[2, 171, False, -1.0]
[3, 141, False, -126.0]
[4, 159, False, -251.0]
[4, 172, False, -251.0]

