rank     line     is_fault_line     suspicious

Sus_Ochiai:
[1, 50, True, 1.0]
[2, 63, False, 0.6614378277661477]
[3, 73, False, 0.5787298416921939]
[3, 75, False, 0.5787298416921939]
[4, 118, False, 0.5746204653902287]
[5, 72, False, 0.5719290198427753]
[5, 81, False, 0.5719290198427753]
[5, 90, False, 0.5719290198427753]
[5, 104, False, 0.5719290198427753]
[5, 126, False, 0.5719290198427753]
[5, 127, False, 0.5719290198427753]
[5, 128, False, 0.5719290198427753]
[5, 133, False, 0.5719290198427753]
[5, 134, False, 0.5719290198427753]
[5, 141, False, 0.5719290198427753]
[6, 164, False, 0.560268993690959]
[7, 163, False, 0.5516772843673704]
[8, 58, False, 0.48961824659346614]
[9, 169, False, 0.4810702354423639]
[9, 171, False, 0.4810702354423639]
[10, 166, False, 0.4767312946227961]
[11, 165, False, 0.4714045207910317]
[12, 119, False, 0.46848748060169065]
[13, 56, False, 0.45917684337733744]
[14, 61, False, 0.4577999981688]
[15, 124, False, 0.45441135055830656]
[15, 148, False, 0.45441135055830656]
[15, 158, False, 0.45441135055830656]
[15, 159, False, 0.45441135055830656]
[15, 160, False, 0.45441135055830656]
[15, 172, False, 0.45441135055830656]
[16, 120, False, 0.43198548144199655]
[17, 167, False, 0.30714285714285716]
[18, 161, False, 0.20864404690395005]
[18, 162, False, 0.20864404690395005]
[18, 168, False, 0.20864404690395005]
[19, 122, False, 0.18410202992625907]
[20, 51, False, 0.0]
[20, 52, False, 0.0]
[20, 53, False, 0.0]
[20, 91, False, 0.0]
[20, 93, False, 0.0]
[20, 99, False, 0.0]
[20, 112, False, 0.0]

Sus_Op2:
[1, 50, True, 70.0]
[2, 63, False, 69.94152046783626]
[3, 73, False, 69.909681611436]
[3, 75, False, 69.909681611436]
[4, 118, False, 69.90773229369721]
[5, 72, False, 69.90643274853801]
[5, 81, False, 69.90643274853801]
[5, 90, False, 69.90643274853801]
[5, 104, False, 69.90643274853801]
[5, 126, False, 69.90643274853801]
[5, 127, False, 69.90643274853801]
[5, 128, False, 69.90643274853801]
[5, 133, False, 69.90643274853801]
[5, 134, False, 69.90643274853801]
[5, 141, False, 69.90643274853801]
[6, 164, False, 69.90058479532163]
[7, 163, False, 69.89603638726446]
[8, 58, False, 69.85575048732943]
[9, 166, False, 69.84535412605588]
[10, 165, False, 69.8408057179987]
[11, 56, False, 69.82975958414555]
[12, 61, False, 69.82846003898635]
[13, 119, False, 69.82521117608837]
[13, 124, False, 69.82521117608837]
[13, 148, False, 69.82521117608837]
[13, 158, False, 69.82521117608837]
[13, 159, False, 69.82521117608837]
[13, 160, False, 69.82521117608837]
[13, 172, False, 69.82521117608837]
[14, 171, False, 69.02014294996751]
[15, 161, False, 69.00064977257959]
[15, 162, False, 69.00064977257959]
[15, 167, False, 69.00064977257959]
[15, 168, False, 69.00064977257959]
[15, 169, False, 69.00064977257959]
[16, 120, False, 51.89928525016244]
[17, 122, False, 10.974009096816115]
[18, 91, False, 0.0]
[18, 93, False, 0.0]
[18, 99, False, 0.0]
[18, 112, False, 0.0]
[19, 51, False, -0.028589993502274202]
[20, 52, False, -0.04808317089018843]
[21, 53, False, -0.05977907732293697]

Sus_Tarantula:
[1, 50, True, 1.0]
[2, 169, False, 0.970551114850652]
[2, 171, False, 0.970551114850652]
[3, 63, False, 0.9447174447174447]
[4, 73, False, 0.91711389385808]
[4, 75, False, 0.91711389385808]
[5, 118, False, 0.9154761904761904]
[6, 72, False, 0.9143876337693223]
[6, 81, False, 0.9143876337693223]
[6, 90, False, 0.9143876337693223]
[6, 104, False, 0.9143876337693223]
[6, 126, False, 0.9143876337693223]
[6, 127, False, 0.9143876337693223]
[6, 128, False, 0.9143876337693223]
[6, 133, False, 0.9143876337693223]
[6, 134, False, 0.9143876337693223]
[6, 141, False, 0.9143876337693223]
[7, 164, False, 0.9095209934949735]
[8, 163, False, 0.9057714958775029]
[9, 119, False, 0.902093484930518]
[10, 120, False, 0.8805408143042741]
[11, 58, False, 0.8738636363636363]
[12, 166, False, 0.8659909909909911]
[13, 165, False, 0.8625911385305665]
[14, 168, False, 0.8610545602605862]
[15, 122, False, 0.8579977685363627]
[15, 160, False, 0.8579977685363627]
[15, 161, False, 0.8579977685363627]
[16, 56, False, 0.8544444444444443]
[17, 61, False, 0.853496115427303]
[18, 124, False, 0.8511344770337577]
[18, 148, False, 0.8511344770337577]
[18, 158, False, 0.8511344770337577]
[18, 159, False, 0.8511344770337577]
[18, 172, False, 0.8511344770337577]
[19, 167, False, 0.7994536047579904]
[20, 162, False, 0.5755988023952096]
[21, 51, False, 0.0]
[21, 52, False, 0.0]
[21, 53, False, 0.0]
[21, 91, False, 0.0]
[21, 93, False, 0.0]
[21, 99, False, 0.0]
[21, 112, False, 0.0]

Sus_Dstar3:
[1, 50, True, 1.7976931348623157e+308]
[2, 63, False, 3811.1111111111113]
[3, 73, False, 2467.6258992805756]
[3, 75, False, 2467.6258992805756]
[4, 118, False, 2415.492957746479]
[5, 72, False, 2381.9444444444443]
[5, 81, False, 2381.9444444444443]
[5, 90, False, 2381.9444444444443]
[5, 104, False, 2381.9444444444443]
[5, 126, False, 2381.9444444444443]
[5, 127, False, 2381.9444444444443]
[5, 128, False, 2381.9444444444443]
[5, 133, False, 2381.9444444444443]
[5, 134, False, 2381.9444444444443]
[5, 141, False, 2381.9444444444443]
[6, 164, False, 2241.830065359477]
[7, 163, False, 2143.75]
[8, 58, False, 1545.045045045045]
[9, 166, False, 1441.1764705882354]
[10, 165, False, 1400.0]
[11, 56, False, 1309.1603053435115]
[12, 61, False, 1299.2424242424242]
[13, 119, False, 1275.092936802974]
[13, 124, False, 1275.092936802974]
[13, 148, False, 1275.092936802974]
[13, 158, False, 1275.092936802974]
[13, 159, False, 1275.092936802974]
[13, 160, False, 1275.092936802974]
[13, 172, False, 1275.092936802974]
[14, 120, False, 812.7630057803468]
[14, 169, False, 812.7630057803468]
[15, 171, False, 322.672131147541]
[16, 167, False, 301.1628787878788]
[17, 161, False, 223.01690507152145]
[17, 162, False, 223.01690507152145]
[17, 168, False, 223.01690507152145]
[18, 122, False, 13.444444444444445]
[19, 51, False, 0.0]
[19, 52, False, 0.0]
[19, 53, False, 0.0]
[19, 91, False, 0.0]
[19, 93, False, 0.0]
[19, 99, False, 0.0]
[19, 112, False, 0.0]

Sus_GP13:
[1, 50, True, 70.5]
[2, 63, False, 70.21875]
[3, 73, False, 70.16746411483254]
[3, 75, False, 70.16746411483254]
[4, 118, False, 70.16509433962264]
[5, 72, False, 70.16355140186916]
[5, 81, False, 70.16355140186916]
[5, 90, False, 70.16355140186916]
[5, 104, False, 70.16355140186916]
[5, 126, False, 70.16355140186916]
[5, 127, False, 70.16355140186916]
[5, 128, False, 70.16355140186916]
[5, 133, False, 70.16355140186916]
[5, 134, False, 70.16355140186916]
[5, 141, False, 70.16355140186916]
[6, 164, False, 70.15695067264573]
[7, 163, False, 70.15217391304348]
[8, 58, False, 70.11986301369862]
[9, 166, False, 70.11363636363636]
[10, 165, False, 70.11111111111111]
[11, 56, False, 70.105421686747]
[12, 61, False, 70.10479041916167]
[13, 119, False, 70.10324483775811]
[13, 124, False, 70.10324483775811]
[13, 148, False, 70.10324483775811]
[13, 158, False, 70.10324483775811]
[13, 159, False, 70.10324483775811]
[13, 160, False, 70.10324483775811]
[13, 172, False, 70.10324483775811]
[14, 171, False, 70.02217997465145]
[15, 161, False, 70.02176616915423]
[15, 162, False, 70.02176616915423]
[15, 167, False, 70.02176616915423]
[15, 168, False, 70.02176616915423]
[15, 169, False, 70.02176616915423]
[16, 120, False, 52.1256038647343]
[17, 122, False, 11.107843137254902]
[18, 51, False, 0.0]
[18, 52, False, 0.0]
[18, 53, False, 0.0]
[18, 91, False, 0.0]
[18, 93, False, 0.0]
[18, 99, False, 0.0]
[18, 112, False, 0.0]

Sus_Naish1:
[1, 50, True, 70.0]
[2, 51, False, -1.0]
[2, 52, False, -1.0]
[2, 53, False, -1.0]
[2, 56, False, -1.0]
[2, 58, False, -1.0]
[2, 61, False, -1.0]
[2, 63, False, -1.0]
[2, 72, False, -1.0]
[2, 75, False, -1.0]
[2, 81, False, -1.0]
[2, 90, False, -1.0]
[2, 91, False, -1.0]
[2, 93, False, -1.0]
[2, 99, False, -1.0]
[2, 104, False, -1.0]
[2, 112, False, -1.0]
[2, 118, False, -1.0]
[2, 119, False, -1.0]
[2, 120, False, -1.0]
[2, 122, False, -1.0]
[2, 124, False, -1.0]
[2, 126, False, -1.0]
[2, 127, False, -1.0]
[2, 128, False, -1.0]
[2, 133, False, -1.0]
[2, 134, False, -1.0]
[2, 148, False, -1.0]
[2, 158, False, -1.0]
[2, 160, False, -1.0]
[2, 161, False, -1.0]
[2, 162, False, -1.0]
[2, 163, False, -1.0]
[2, 164, False, -1.0]
[2, 165, False, -1.0]
[2, 166, False, -1.0]
[2, 167, False, -1.0]
[2, 168, False, -1.0]
[2, 169, False, -1.0]
[2, 171, False, -1.0]
[3, 73, False, -69.0]
[4, 141, False, -74.0]
[5, 159, False, -199.0]
[5, 172, False, -199.0]

