rank     line     is_fault_line     suspicious

Sus_Ochiai:
[1, 90, True, 1.0]
[2, 169, False, 0.363696483726654]
[2, 171, False, 0.363696483726654]
[3, 93, False, 0.329292779969071]
[3, 99, False, 0.329292779969071]
[4, 91, False, 0.29851115706299675]
[5, 63, False, 0.200643088476282]
[6, 72, False, 0.2]
[7, 104, False, 0.1812366279990531]
[8, 128, False, 0.15191090506255]
[9, 127, False, 0.14501047335684955]
[10, 138, False, 0.11990411504661473]
[10, 148, False, 0.11990411504661473]
[11, 58, False, 0.07552100405338862]
[11, 158, False, 0.07552100405338862]
[11, 172, False, 0.07552100405338862]
[12, 159, False, 0.07481320020807246]
[12, 160, False, 0.07481320020807246]
[12, 161, False, 0.07481320020807246]
[12, 162, False, 0.07481320020807246]
[12, 163, False, 0.07481320020807246]
[12, 164, False, 0.07481320020807246]
[12, 165, False, 0.07481320020807246]
[12, 166, False, 0.07481320020807246]
[12, 167, False, 0.07481320020807246]
[12, 168, False, 0.07481320020807246]
[13, 50, False, 0.0]
[13, 51, False, 0.0]
[13, 52, False, 0.0]
[13, 53, False, 0.0]
[13, 56, False, 0.0]
[13, 61, False, 0.0]
[13, 73, False, 0.0]
[13, 79, False, 0.0]
[13, 81, False, 0.0]
[13, 109, False, 0.0]
[13, 112, False, 0.0]
[13, 118, False, 0.0]
[13, 119, False, 0.0]
[13, 120, False, 0.0]
[13, 122, False, 0.0]
[13, 124, False, 0.0]
[13, 126, False, 0.0]
[13, 133, False, 0.0]
[13, 135, False, 0.0]
[13, 141, False, 0.0]

Sus_Op2:
[1, 90, True, 9.0]
[2, 93, False, 8.95375]
[2, 99, False, 8.95375]
[3, 91, False, 8.9425]
[4, 72, False, 8.865]
[5, 63, False, 8.856875]
[6, 104, False, 8.834375]
[7, 128, False, 8.761875]
[8, 127, False, 8.738125]
[9, 138, False, 8.614375]
[9, 148, False, 8.614375]
[10, 58, False, 8.019375]
[10, 158, False, 8.019375]
[10, 172, False, 8.019375]
[11, 159, False, 8.000625]
[11, 160, False, 8.000625]
[11, 161, False, 8.000625]
[11, 162, False, 8.000625]
[11, 163, False, 8.000625]
[11, 164, False, 8.000625]
[11, 165, False, 8.000625]
[11, 166, False, 8.000625]
[11, 167, False, 8.000625]
[11, 168, False, 8.000625]
[11, 169, False, 8.000625]
[11, 171, False, 8.000625]
[12, 50, False, 0.0]
[12, 56, False, 0.0]
[12, 79, False, 0.0]
[12, 81, False, 0.0]
[12, 109, False, 0.0]
[12, 118, False, 0.0]
[12, 120, False, 0.0]
[12, 122, False, 0.0]
[12, 124, False, 0.0]
[12, 126, False, 0.0]
[12, 135, False, 0.0]
[12, 141, False, 0.0]
[13, 119, False, -0.005625]
[14, 51, False, -0.0275]
[15, 52, False, -0.04625]
[16, 53, False, -0.05625]
[17, 112, False, -0.0725]
[18, 73, False, -0.09]
[18, 133, False, -0.09]
[19, 61, False, -0.1625]

Sus_Tarantula:
[1, 90, True, 1.0]
[2, 169, False, 0.9823074087725765]
[2, 171, False, 0.9823074087725765]
[3, 93, False, 0.9557680812910938]
[3, 99, False, 0.9557680812910938]
[4, 91, False, 0.9455943228858664]
[5, 63, False, 0.9327966398319917]
[6, 72, False, 0.9240638002773925]
[7, 104, False, 0.8578326180257512]
[8, 128, False, 0.8075757575757575]
[9, 127, False, 0.792368681863231]
[10, 138, False, 0.7215703971119133]
[10, 148, False, 0.7215703971119133]
[11, 166, False, 0.6060261512222854]
[12, 165, False, 0.598876404494382]
[13, 58, False, 0.5047348484848485]
[13, 158, False, 0.5047348484848485]
[13, 172, False, 0.5047348484848485]
[14, 159, False, 0.5]
[14, 160, False, 0.5]
[14, 161, False, 0.5]
[14, 162, False, 0.5]
[14, 163, False, 0.5]
[14, 164, False, 0.5]
[14, 167, False, 0.5]
[14, 168, False, 0.5]
[15, 50, False, 0.0]
[15, 51, False, 0.0]
[15, 52, False, 0.0]
[15, 53, False, 0.0]
[15, 56, False, 0.0]
[15, 61, False, 0.0]
[15, 73, False, 0.0]
[15, 79, False, 0.0]
[15, 81, False, 0.0]
[15, 109, False, 0.0]
[15, 112, False, 0.0]
[15, 118, False, 0.0]
[15, 119, False, 0.0]
[15, 120, False, 0.0]
[15, 122, False, 0.0]
[15, 124, False, 0.0]
[15, 126, False, 0.0]
[15, 133, False, 0.0]
[15, 135, False, 0.0]
[15, 141, False, 0.0]

Sus_Dstar3:
[1, 90, True, 1.7976931348623157e+308]
[2, 93, False, 9.85135135135135]
[2, 99, False, 9.85135135135135]
[3, 91, False, 7.923913043478261]
[4, 169, False, 6.25]
[4, 171, False, 6.25]
[5, 72, False, 3.375]
[6, 63, False, 3.183406113537118]
[7, 104, False, 2.750943396226415]
[8, 128, False, 1.9133858267716535]
[9, 127, False, 1.739856801909308]
[10, 138, False, 1.1815235008103728]
[10, 148, False, 1.1815235008103728]
[11, 58, False, 0.4646271510516252]
[11, 158, False, 0.4646271510516252]
[11, 172, False, 0.4646271510516252]
[12, 159, False, 0.45590994371482174]
[12, 160, False, 0.45590994371482174]
[12, 161, False, 0.45590994371482174]
[12, 162, False, 0.45590994371482174]
[12, 163, False, 0.45590994371482174]
[12, 164, False, 0.45590994371482174]
[12, 165, False, 0.45590994371482174]
[12, 166, False, 0.45590994371482174]
[12, 167, False, 0.45590994371482174]
[12, 168, False, 0.45590994371482174]
[13, 50, False, 0.0]
[13, 51, False, 0.0]
[13, 52, False, 0.0]
[13, 53, False, 0.0]
[13, 56, False, 0.0]
[13, 61, False, 0.0]
[13, 73, False, 0.0]
[13, 79, False, 0.0]
[13, 81, False, 0.0]
[13, 109, False, 0.0]
[13, 112, False, 0.0]
[13, 118, False, 0.0]
[13, 119, False, 0.0]
[13, 120, False, 0.0]
[13, 122, False, 0.0]
[13, 124, False, 0.0]
[13, 126, False, 0.0]
[13, 133, False, 0.0]
[13, 135, False, 0.0]
[13, 141, False, 0.0]

Sus_GP13:
[1, 90, True, 9.5]
[2, 93, False, 9.05421686746988]
[2, 99, False, 9.05421686746988]
[3, 91, False, 9.044554455445544]
[4, 72, False, 9.02]
[5, 63, False, 9.01890756302521]
[6, 104, False, 9.016423357664234]
[7, 128, False, 9.01153846153846]
[8, 127, False, 9.010514018691588]
[9, 138, False, 9.007188498402556]
[9, 148, False, 9.007188498402556]
[10, 58, False, 9.002851711026615]
[10, 158, False, 9.002851711026615]
[10, 172, False, 9.002851711026615]
[11, 159, False, 9.002798507462687]
[11, 160, False, 9.002798507462687]
[11, 161, False, 9.002798507462687]
[11, 162, False, 9.002798507462687]
[11, 163, False, 9.002798507462687]
[11, 164, False, 9.002798507462687]
[11, 165, False, 9.002798507462687]
[11, 166, False, 9.002798507462687]
[11, 167, False, 9.002798507462687]
[11, 168, False, 9.002798507462687]
[11, 169, False, 9.002798507462687]
[11, 171, False, 9.002798507462687]
[12, 50, False, 0.0]
[12, 51, False, 0.0]
[12, 52, False, 0.0]
[12, 53, False, 0.0]
[12, 56, False, 0.0]
[12, 61, False, 0.0]
[12, 73, False, 0.0]
[12, 79, False, 0.0]
[12, 81, False, 0.0]
[12, 109, False, 0.0]
[12, 112, False, 0.0]
[12, 118, False, 0.0]
[12, 119, False, 0.0]
[12, 120, False, 0.0]
[12, 122, False, 0.0]
[12, 124, False, 0.0]
[12, 126, False, 0.0]
[12, 133, False, 0.0]
[12, 135, False, 0.0]
[12, 141, False, 0.0]

Sus_Naish1:
[1, 90, True, 9.0]
[2, 50, False, -1.0]
[2, 51, False, -1.0]
[2, 52, False, -1.0]
[2, 53, False, -1.0]
[2, 56, False, -1.0]
[2, 58, False, -1.0]
[2, 61, False, -1.0]
[2, 63, False, -1.0]
[2, 72, False, -1.0]
[2, 73, False, -1.0]
[2, 79, False, -1.0]
[2, 81, False, -1.0]
[2, 91, False, -1.0]
[2, 93, False, -1.0]
[2, 99, False, -1.0]
[2, 104, False, -1.0]
[2, 109, False, -1.0]
[2, 112, False, -1.0]
[2, 118, False, -1.0]
[2, 119, False, -1.0]
[2, 120, False, -1.0]
[2, 122, False, -1.0]
[2, 124, False, -1.0]
[2, 126, False, -1.0]
[2, 127, False, -1.0]
[2, 128, False, -1.0]
[2, 133, False, -1.0]
[2, 135, False, -1.0]
[2, 138, False, -1.0]
[2, 141, False, -1.0]
[2, 148, False, -1.0]
[2, 158, False, -1.0]
[2, 159, False, -1.0]
[2, 160, False, -1.0]
[2, 161, False, -1.0]
[2, 162, False, -1.0]
[2, 163, False, -1.0]
[2, 164, False, -1.0]
[2, 165, False, -1.0]
[2, 166, False, -1.0]
[2, 167, False, -1.0]
[2, 168, False, -1.0]
[2, 169, False, -1.0]
[2, 171, False, -1.0]
[3, 172, False, -1560.0]

