rank     line     is_fault_line     suspicious

Sus_Ochiai:
[1, 97, False, 0.6324555320336759]
[2, 165, False, 0.2008048322256247]
[3, 166, False, 0.19802950859533486]
[4, 118, True, 0.19245008972987526]
[5, 124, False, 0.19069251784911845]
[6, 128, False, 0.1893206114156883]
[6, 141, False, 0.1893206114156883]
[6, 148, False, 0.1893206114156883]
[6, 159, False, 0.1893206114156883]
[6, 160, False, 0.1893206114156883]
[6, 172, False, 0.1893206114156883]
[7, 119, False, 0.18537599944001618]
[8, 126, False, 0.16783627165933782]
[9, 169, False, 0.1651445647689541]
[10, 163, False, 0.14770978917519928]
[11, 90, False, 0.14373989364401724]
[12, 112, False, 0.14030338331657843]
[13, 93, False, 0.1386750490563073]
[13, 99, False, 0.1386750490563073]
[13, 109, False, 0.1386750490563073]
[13, 127, False, 0.1386750490563073]
[13, 133, False, 0.1386750490563073]
[13, 136, False, 0.1386750490563073]
[14, 72, False, 0.13176156917368248]
[14, 73, False, 0.13176156917368248]
[14, 75, False, 0.13176156917368248]
[15, 79, False, 0.12953194003770996]
[15, 81, False, 0.12953194003770996]
[15, 104, False, 0.12953194003770996]
[15, 134, False, 0.12953194003770996]
[15, 135, False, 0.12953194003770996]
[16, 58, False, 0.12463539056995115]
[16, 164, False, 0.12463539056995115]
[17, 120, False, 0.12309149097933272]
[17, 168, False, 0.12309149097933272]
[18, 63, False, 0.11986582537134603]
[19, 161, False, 0.10758287072798381]
[19, 162, False, 0.10758287072798381]
[20, 53, False, 0.10540925533894599]
[21, 61, False, 0.09920947376656813]
[22, 56, False, 0.09534625892455922]
[23, 158, False, 0.07960612799717215]
[23, 171, False, 0.07960612799717215]
[24, 167, False, 0.07886003723456397]
[25, 52, False, 0.071156806696482]
[26, 51, False, 0.05443310539518173]
[27, 50, False, 0.0]
[27, 91, False, 0.0]
[27, 122, False, 0.0]

Sus_Op2:
[1, 165, False, 9.851156973108193]
[2, 166, False, 9.846779237023139]
[3, 118, True, 9.83739837398374]
[4, 124, False, 9.834271419637274]
[5, 128, False, 9.8317698561601]
[5, 141, False, 9.8317698561601]
[5, 148, False, 9.8317698561601]
[5, 159, False, 9.8317698561601]
[5, 160, False, 9.8317698561601]
[5, 172, False, 9.8317698561601]
[6, 119, False, 9.82426516572858]
[7, 126, False, 9.784240150093808]
[8, 134, False, 9.40838023764853]
[9, 158, False, 9.019387116948092]
[9, 171, False, 9.019387116948092]
[10, 161, False, 9.000625390869294]
[10, 162, False, 9.000625390869294]
[10, 163, False, 9.000625390869294]
[10, 164, False, 9.000625390869294]
[10, 167, False, 9.000625390869294]
[10, 168, False, 9.000625390869294]
[10, 169, False, 9.000625390869294]
[11, 104, False, 5.725453408380238]
[12, 127, False, 5.712320200125078]
[13, 90, False, 4.927454659161977]
[14, 97, False, 4.924953095684803]
[15, 112, False, 4.923702313946216]
[16, 93, False, 4.921826141338337]
[16, 99, False, 4.921826141338337]
[16, 109, False, 4.921826141338337]
[16, 133, False, 4.921826141338337]
[16, 136, False, 4.921826141338337]
[17, 72, False, 4.91307066916823]
[17, 73, False, 4.91307066916823]
[17, 75, False, 4.91307066916823]
[18, 79, False, 4.909943714821764]
[18, 81, False, 4.909943714821764]
[18, 135, False, 4.909943714821764]
[19, 120, False, 4.899937460913071]
[20, 63, False, 4.894308943089431]
[21, 53, False, 4.862414008755472]
[22, 58, False, 4.857410881801126]
[23, 61, False, 4.8442776735459665]
[24, 56, False, 4.831144465290807]
[25, 52, False, 2.8874296435272044]
[26, 51, False, 1.91682301438399]
[27, 50, False, 0.0]
[27, 122, False, 0.0]
[28, 91, False, -0.07567229518449031]

Sus_Tarantula:
[1, 97, False, 1.0]
[2, 169, False, 0.8838495575221239]
[3, 119, False, 0.87417943107221]
[4, 90, False, 0.873224043715847]
[5, 165, False, 0.8703703703703702]
[6, 112, False, 0.8675352877307274]
[7, 166, False, 0.8670645686380901]
[8, 58, False, 0.8658900027092928]
[8, 164, False, 0.8658900027092928]
[9, 93, False, 0.8647186147186148]
[9, 99, False, 0.8647186147186148]
[9, 109, False, 0.8647186147186148]
[9, 127, False, 0.8647186147186148]
[9, 133, False, 0.8647186147186148]
[9, 136, False, 0.8647186147186148]
[9, 141, False, 0.8647186147186148]
[10, 118, True, 0.860064585575888]
[11, 124, False, 0.8577563070316694]
[11, 163, False, 0.8577563070316694]
[12, 128, False, 0.8559185859667916]
[12, 148, False, 0.8559185859667916]
[12, 159, False, 0.8559185859667916]
[12, 160, False, 0.8559185859667916]
[12, 172, False, 0.8559185859667916]
[13, 72, False, 0.85181236673774]
[13, 73, False, 0.85181236673774]
[13, 75, False, 0.85181236673774]
[14, 79, False, 0.8472958642629905]
[14, 81, False, 0.8472958642629905]
[14, 104, False, 0.8472958642629905]
[14, 126, False, 0.8472958642629905]
[14, 134, False, 0.8472958642629905]
[14, 135, False, 0.8472958642629905]
[15, 120, False, 0.8331595411887383]
[15, 168, False, 0.8331595411887383]
[16, 63, False, 0.8254132231404958]
[17, 52, False, 0.8058497226424609]
[18, 161, False, 0.791089108910891]
[18, 162, False, 0.791089108910891]
[19, 51, False, 0.7841020608439647]
[20, 53, False, 0.7841020608439646]
[21, 61, False, 0.7624045801526718]
[22, 56, False, 0.7474275023386343]
[23, 167, False, 0.6321202531645569]
[24, 158, False, 0.5047378395451674]
[24, 171, False, 0.5047378395451674]
[25, 50, False, 0.0]
[25, 91, False, 0.0]
[25, 122, False, 0.0]

Sus_Dstar3:
[1, 97, False, 10.666666666666666]
[2, 165, False, 4.201680672268908]
[3, 166, False, 4.081632653061225]
[4, 118, True, 3.8461538461538463]
[5, 124, False, 3.7735849056603774]
[6, 128, False, 3.717472118959108]
[6, 141, False, 3.717472118959108]
[6, 148, False, 3.717472118959108]
[6, 159, False, 3.717472118959108]
[6, 160, False, 3.717472118959108]
[6, 172, False, 3.717472118959108]
[7, 119, False, 3.5587188612099645]
[8, 126, False, 2.898550724637681]
[9, 169, False, 1.6615384615384616]
[10, 163, False, 1.3251533742331287]
[11, 134, False, 1.0570824524312896]
[12, 90, False, 1.0330578512396693]
[13, 112, False, 0.984251968503937]
[14, 93, False, 0.9615384615384616]
[14, 99, False, 0.9615384615384616]
[14, 109, False, 0.9615384615384616]
[14, 127, False, 0.9615384615384616]
[14, 133, False, 0.9615384615384616]
[14, 136, False, 0.9615384615384616]
[15, 72, False, 0.8680555555555556]
[15, 73, False, 0.8680555555555556]
[15, 75, False, 0.8680555555555556]
[16, 79, False, 0.8389261744966443]
[16, 81, False, 0.8389261744966443]
[16, 104, False, 0.8389261744966443]
[16, 135, False, 0.8389261744966443]
[17, 120, False, 0.7575757575757576]
[17, 168, False, 0.7575757575757576]
[18, 164, False, 0.7309941520467836]
[19, 63, False, 0.7183908045977011]
[20, 158, False, 0.6377551020408163]
[20, 171, False, 0.6377551020408163]
[21, 161, False, 0.6257822277847309]
[21, 162, False, 0.6257822277847309]
[21, 167, False, 0.6257822277847309]
[22, 58, False, 0.6095238095238096]
[23, 53, False, 0.5555555555555556]
[24, 61, False, 0.4921259842519685]
[25, 56, False, 0.45454545454545453]
[26, 52, False, 0.1443850267379679]
[27, 51, False, 0.05673758865248227]
[28, 50, False, 0.0]
[28, 91, False, 0.0]
[28, 122, False, 0.0]

Sus_GP13:
[1, 165, False, 10.02016129032258]
[2, 166, False, 10.019607843137255]
[3, 118, True, 10.018518518518517]
[4, 124, False, 10.018181818181818]
[5, 128, False, 10.017921146953405]
[5, 141, False, 10.017921146953405]
[5, 148, False, 10.017921146953405]
[5, 159, False, 10.017921146953405]
[5, 160, False, 10.017921146953405]
[5, 172, False, 10.017921146953405]
[6, 119, False, 10.017182130584192]
[7, 126, False, 10.014084507042254]
[8, 134, False, 10.005230125523013]
[9, 158, False, 10.00316856780735]
[9, 171, False, 10.00316856780735]
[10, 161, False, 10.003109452736318]
[10, 162, False, 10.003109452736318]
[10, 163, False, 10.003109452736318]
[10, 164, False, 10.003109452736318]
[10, 167, False, 10.003109452736318]
[10, 168, False, 10.003109452736318]
[10, 169, False, 10.003109452736318]
[11, 104, False, 6.0067415730337075]
[12, 127, False, 6.006437768240344]
[13, 90, False, 5.020661157024794]
[14, 97, False, 5.02]
[15, 112, False, 5.019685039370079]
[16, 93, False, 5.019230769230769]
[16, 99, False, 5.019230769230769]
[16, 109, False, 5.019230769230769]
[16, 133, False, 5.019230769230769]
[16, 136, False, 5.019230769230769]
[17, 72, False, 5.017361111111112]
[17, 73, False, 5.017361111111112]
[17, 75, False, 5.017361111111112]
[18, 79, False, 5.016778523489933]
[18, 81, False, 5.016778523489933]
[18, 135, False, 5.016778523489933]
[19, 120, False, 5.015151515151515]
[20, 63, False, 5.014367816091953]
[21, 53, False, 5.011111111111111]
[22, 58, False, 5.010729613733905]
[23, 61, False, 5.009842519685039]
[24, 56, False, 5.009090909090909]
[25, 52, False, 3.0081967213114753]
[26, 51, False, 2.0074074074074075]
[27, 50, False, 0.0]
[27, 91, False, 0.0]
[27, 122, False, 0.0]

Sus_Naish1:
[1, 50, False, -1.0]
[1, 51, False, -1.0]
[1, 52, False, -1.0]
[1, 53, False, -1.0]
[1, 56, False, -1.0]
[1, 58, False, -1.0]
[1, 61, False, -1.0]
[1, 63, False, -1.0]
[1, 72, False, -1.0]
[1, 73, False, -1.0]
[1, 75, False, -1.0]
[1, 79, False, -1.0]
[1, 81, False, -1.0]
[1, 90, False, -1.0]
[1, 91, False, -1.0]
[1, 93, False, -1.0]
[1, 97, False, -1.0]
[1, 99, False, -1.0]
[1, 104, False, -1.0]
[1, 109, False, -1.0]
[1, 112, False, -1.0]
[1, 118, True, -1.0]
[1, 119, False, -1.0]
[1, 120, False, -1.0]
[1, 122, False, -1.0]
[1, 124, False, -1.0]
[1, 126, False, -1.0]
[1, 127, False, -1.0]
[1, 128, False, -1.0]
[1, 133, False, -1.0]
[1, 134, False, -1.0]
[1, 135, False, -1.0]
[1, 136, False, -1.0]
[1, 141, False, -1.0]
[1, 148, False, -1.0]
[1, 158, False, -1.0]
[1, 159, False, -1.0]
[1, 160, False, -1.0]
[1, 161, False, -1.0]
[1, 162, False, -1.0]
[1, 163, False, -1.0]
[1, 164, False, -1.0]
[1, 165, False, -1.0]
[1, 166, False, -1.0]
[1, 167, False, -1.0]
[1, 168, False, -1.0]
[1, 169, False, -1.0]
[1, 171, False, -1.0]
[1, 172, False, -1.0]

