rank     line     is_fault_line     suspicious

Sus_Ochiai:
[1, 52, False, 0.9519716382329885]
[2, 58, False, 0.5134553180524705]
[3, 164, False, 0.48556395842728817]
[3, 165, False, 0.48556395842728817]
[4, 56, False, 0.31568395174337915]
[5, 97, False, 0.2415274185412119]
[6, 99, False, 0.23973165074269207]
[7, 75, False, 0.210176096251821]
[8, 109, False, 0.2081453617075184]
[9, 72, False, 0.2068237904939208]
[9, 73, False, 0.2068237904939208]
[9, 79, False, 0.2068237904939208]
[9, 90, False, 0.2068237904939208]
[9, 104, False, 0.2068237904939208]
[9, 126, False, 0.2068237904939208]
[9, 127, False, 0.2068237904939208]
[9, 133, False, 0.2068237904939208]
[9, 134, False, 0.2068237904939208]
[9, 135, False, 0.2068237904939208]
[9, 138, False, 0.2068237904939208]
[10, 163, False, 0.196521473776207]
[11, 63, False, 0.17040572913692198]
[12, 166, False, 0.16887091779279864]
[13, 118, False, 0.16153965636282377]
[14, 119, False, 0.15880407399252633]
[14, 148, False, 0.15880407399252633]
[14, 158, False, 0.15880407399252633]
[14, 159, False, 0.15880407399252633]
[14, 160, False, 0.15880407399252633]
[15, 124, False, 0.15009575487729127]
[16, 167, False, 0.1485738542868107]
[17, 128, False, 0.1410457344418612]
[18, 61, False, 0.13556435107592352]
[18, 172, False, 0.13556435107592352]
[19, 161, False, 0.1342938042898732]
[19, 162, False, 0.1342938042898732]
[19, 168, False, 0.1342938042898732]
[19, 169, False, 0.1342938042898732]
[19, 171, False, 0.1342938042898732]
[20, 120, False, 0.13380773252626182]
[21, 122, False, 0.11894020669001051]
[22, 50, False, 0.0]
[22, 51, False, 0.0]
[22, 53, False, 0.0]
[22, 81, False, 0.0]
[22, 91, False, 0.0]
[22, 93, False, 0.0]
[22, 112, False, 0.0]
[22, 141, False, 0.0]

Sus_Op2:
[1, 52, False, 28.998101265822786]
[2, 58, False, 28.94873417721519]
[3, 164, False, 28.940506329113923]
[3, 165, False, 28.940506329113923]
[4, 56, False, 28.834177215189875]
[5, 134, False, 28.457594936708862]
[6, 61, False, 28.019620253164558]
[6, 158, False, 28.019620253164558]
[6, 172, False, 28.019620253164558]
[7, 63, False, 28.000632911392405]
[7, 159, False, 28.000632911392405]
[7, 160, False, 28.000632911392405]
[7, 161, False, 28.000632911392405]
[7, 162, False, 28.000632911392405]
[7, 163, False, 28.000632911392405]
[7, 166, False, 28.000632911392405]
[7, 167, False, 28.000632911392405]
[7, 168, False, 28.000632911392405]
[7, 169, False, 28.000632911392405]
[7, 171, False, 28.000632911392405]
[8, 97, False, 14.925316455696203]
[9, 99, False, 14.924050632911392]
[10, 104, False, 14.832278481012658]
[11, 128, False, 14.762658227848101]
[12, 138, False, 14.618354430379746]
[12, 148, False, 14.618354430379746]
[13, 75, False, 13.912025316455697]
[14, 109, False, 13.910126582278481]
[15, 72, False, 13.90886075949367]
[15, 73, False, 13.90886075949367]
[15, 79, False, 13.90886075949367]
[15, 90, False, 13.90886075949367]
[15, 126, False, 13.90886075949367]
[15, 127, False, 13.90886075949367]
[15, 133, False, 13.90886075949367]
[15, 135, False, 13.90886075949367]
[16, 118, False, 13.844936708860759]
[17, 119, False, 13.839240506329114]
[18, 124, False, 13.818987341772152]
[19, 120, False, 8.906962025316457]
[20, 122, False, 3.9778481012658227]
[21, 50, False, 0.0]
[21, 81, False, 0.0]
[21, 91, False, 0.0]
[21, 93, False, 0.0]
[21, 141, False, 0.0]
[22, 51, False, -0.027848101265822784]
[23, 53, False, -0.05822784810126582]
[24, 112, False, -0.06962025316455696]

Sus_Tarantula:
[1, 52, False, 0.9981036662452591]
[2, 58, False, 0.9512048192771085]
[3, 164, False, 0.9438135086670651]
[3, 165, False, 0.9438135086670651]
[4, 97, False, 0.8737595455048511]
[5, 99, False, 0.871893981225842]
[6, 63, False, 0.8649685017803341]
[6, 168, False, 0.8649685017803341]
[7, 120, False, 0.8615468558177601]
[7, 122, False, 0.8615468558177601]
[7, 126, False, 0.8615468558177601]
[7, 160, False, 0.8615468558177601]
[7, 161, False, 0.8615468558177601]
[8, 56, False, 0.857686040195546]
[9, 75, False, 0.8457741898458124]
[10, 109, False, 0.8429682733374008]
[11, 72, False, 0.8411079826497222]
[11, 73, False, 0.8411079826497222]
[11, 79, False, 0.8411079826497222]
[11, 90, False, 0.8411079826497222]
[11, 104, False, 0.8411079826497222]
[11, 127, False, 0.8411079826497222]
[11, 133, False, 0.8411079826497222]
[11, 134, False, 0.8411079826497222]
[11, 135, False, 0.8411079826497222]
[11, 138, False, 0.8411079826497222]
[12, 163, False, 0.8256209150326798]
[13, 119, False, 0.8099281887609711]
[14, 169, False, 0.7882683307332293]
[15, 166, False, 0.7736674482903441]
[16, 171, False, 0.762065637065637]
[17, 118, False, 0.7567697100407381]
[18, 148, False, 0.7500678610206297]
[18, 158, False, 0.7500678610206297]
[18, 159, False, 0.7500678610206297]
[19, 167, False, 0.7382219664820542]
[20, 124, False, 0.7271710526315789]
[21, 128, False, 0.6853298611111112]
[22, 162, False, 0.5229631265179951]
[23, 61, False, 0.5047953964194374]
[23, 172, False, 0.5047953964194374]
[24, 50, False, 0.0]
[24, 51, False, 0.0]
[24, 53, False, 0.0]
[24, 81, False, 0.0]
[24, 91, False, 0.0]
[24, 93, False, 0.0]
[24, 112, False, 0.0]
[24, 141, False, 0.0]

Sus_Dstar3:
[1, 52, False, 8129.666666666667]
[2, 58, False, 301.0987654320988]
[3, 164, False, 259.4574468085106]
[3, 165, False, 259.4574468085106]
[4, 56, False, 93.08778625954199]
[5, 134, False, 28.4585764294049]
[6, 97, False, 25.568181818181817]
[7, 99, False, 25.186567164179106]
[8, 75, False, 17.818181818181817]
[9, 109, False, 17.477707006369428]
[10, 72, False, 17.257861635220127]
[10, 73, False, 17.257861635220127]
[10, 79, False, 17.257861635220127]
[10, 90, False, 17.257861635220127]
[10, 104, False, 17.257861635220127]
[10, 126, False, 17.257861635220127]
[10, 127, False, 17.257861635220127]
[10, 133, False, 17.257861635220127]
[10, 135, False, 17.257861635220127]
[10, 138, False, 17.257861635220127]
[11, 61, False, 15.744996772111039]
[11, 158, False, 15.744996772111039]
[11, 172, False, 15.744996772111039]
[12, 163, False, 15.590909090909092]
[13, 63, False, 15.445851804939835]
[13, 159, False, 15.445851804939835]
[13, 160, False, 15.445851804939835]
[13, 161, False, 15.445851804939835]
[13, 162, False, 15.445851804939835]
[13, 166, False, 15.445851804939835]
[13, 167, False, 15.445851804939835]
[13, 168, False, 15.445851804939835]
[13, 169, False, 15.445851804939835]
[13, 171, False, 15.445851804939835]
[14, 118, False, 10.553846153846154]
[15, 119, False, 10.200743494423792]
[15, 148, False, 10.200743494423792]
[16, 124, False, 9.116279069767442]
[17, 128, False, 8.676092544987146]
[18, 120, False, 4.365269461077844]
[19, 122, False, 1.0666666666666667]
[20, 50, False, 0.0]
[20, 51, False, 0.0]
[20, 53, False, 0.0]
[20, 81, False, 0.0]
[20, 91, False, 0.0]
[20, 93, False, 0.0]
[20, 112, False, 0.0]
[20, 141, False, 0.0]

Sus_GP13:
[1, 52, False, 29.453125]
[2, 58, False, 29.131818181818183]
[3, 164, False, 29.11788617886179]
[3, 165, False, 29.11788617886179]
[4, 56, False, 29.049828178694156]
[5, 134, False, 29.016365688487586]
[6, 61, False, 29.009188846641315]
[6, 158, False, 29.009188846641315]
[6, 172, False, 29.009188846641315]
[7, 63, False, 29.009017412935325]
[7, 159, False, 29.009017412935325]
[7, 160, False, 29.009017412935325]
[7, 161, False, 29.009017412935325]
[7, 162, False, 29.009017412935325]
[7, 163, False, 29.009017412935325]
[7, 166, False, 29.009017412935325]
[7, 167, False, 29.009017412935325]
[7, 168, False, 29.009017412935325]
[7, 169, False, 29.009017412935325]
[7, 171, False, 29.009017412935325]
[8, 97, False, 15.056390977443607]
[9, 99, False, 15.055555555555557]
[10, 104, False, 15.026785714285714]
[11, 128, False, 15.01923076923077]
[12, 138, False, 15.012135922330096]
[12, 148, False, 15.012135922330096]
[13, 75, False, 14.045751633986928]
[14, 109, False, 14.044871794871796]
[15, 72, False, 14.044303797468356]
[15, 73, False, 14.044303797468356]
[15, 79, False, 14.044303797468356]
[15, 90, False, 14.044303797468356]
[15, 126, False, 14.044303797468356]
[15, 127, False, 14.044303797468356]
[15, 133, False, 14.044303797468356]
[15, 135, False, 14.044303797468356]
[16, 118, False, 14.027027027027028]
[17, 119, False, 14.026119402985074]
[18, 124, False, 14.023333333333333]
[19, 120, False, 9.028846153846153]
[20, 122, False, 4.051282051282051]
[21, 50, False, 0.0]
[21, 51, False, 0.0]
[21, 53, False, 0.0]
[21, 81, False, 0.0]
[21, 91, False, 0.0]
[21, 93, False, 0.0]
[21, 112, False, 0.0]
[21, 141, False, 0.0]

Sus_Naish1:
[1, 52, False, 26.0]
[2, 50, False, -1.0]
[2, 51, False, -1.0]
[2, 53, False, -1.0]
[2, 56, False, -1.0]
[2, 58, False, -1.0]
[2, 61, False, -1.0]
[2, 63, False, -1.0]
[2, 72, False, -1.0]
[2, 73, False, -1.0]
[2, 75, False, -1.0]
[2, 79, False, -1.0]
[2, 81, False, -1.0]
[2, 90, False, -1.0]
[2, 91, False, -1.0]
[2, 93, False, -1.0]
[2, 97, False, -1.0]
[2, 99, False, -1.0]
[2, 104, False, -1.0]
[2, 109, False, -1.0]
[2, 112, False, -1.0]
[2, 118, False, -1.0]
[2, 119, False, -1.0]
[2, 120, False, -1.0]
[2, 122, False, -1.0]
[2, 124, False, -1.0]
[2, 126, False, -1.0]
[2, 127, False, -1.0]
[2, 128, False, -1.0]
[2, 133, False, -1.0]
[2, 134, False, -1.0]
[2, 135, False, -1.0]
[2, 138, False, -1.0]
[2, 141, False, -1.0]
[2, 148, False, -1.0]
[2, 158, False, -1.0]
[2, 159, False, -1.0]
[2, 160, False, -1.0]
[2, 161, False, -1.0]
[2, 162, False, -1.0]
[2, 163, False, -1.0]
[2, 164, False, -1.0]
[2, 165, False, -1.0]
[2, 166, False, -1.0]
[2, 167, False, -1.0]
[2, 168, False, -1.0]
[2, 169, False, -1.0]
[2, 171, False, -1.0]
[3, 172, False, -1520.0]

