rank     line     is_fault_line     suspicious

Sus_Ochiai:
[1, 79, False, 0.3034554924875349]
[2, 63, True, 0.30289607416741426]
[2, 72, False, 0.30289607416741426]
[3, 128, False, 0.1934477640657483]
[4, 90, False, 0.19245008972987526]
[5, 166, False, 0.18784817083734218]
[5, 167, False, 0.18784817083734218]
[6, 73, False, 0.18064370099678706]
[7, 127, False, 0.1708022826928716]
[8, 135, False, 0.15461042160902194]
[8, 136, False, 0.15461042160902194]
[9, 97, False, 0.146406354532237]
[10, 109, False, 0.14526698815176106]
[11, 99, False, 0.14360673947588817]
[11, 112, False, 0.14360673947588817]
[11, 133, False, 0.14360673947588817]
[11, 138, False, 0.14360673947588817]
[12, 81, False, 0.13918476330020593]
[13, 161, False, 0.13338778844417354]
[14, 165, False, 0.11997900551089268]
[15, 162, False, 0.11907241805196005]
[16, 126, False, 0.11834115780078219]
[17, 119, False, 0.1126872339638022]
[18, 141, False, 0.11160979977064868]
[19, 91, False, 0.10902950648706614]
[20, 168, False, 0.10803395392536073]
[21, 164, False, 0.10776318121606494]
[22, 148, False, 0.10680282817633566]
[22, 158, False, 0.10680282817633566]
[22, 171, False, 0.10680282817633566]
[23, 159, False, 0.10580184237878974]
[23, 160, False, 0.10580184237878974]
[23, 163, False, 0.10580184237878974]
[23, 169, False, 0.10580184237878974]
[24, 104, False, 0.10311973892303819]
[25, 124, False, 0.10271927240465611]
[26, 118, False, 0.10135352331138285]
[26, 172, False, 0.10135352331138285]
[27, 58, False, 0.07671455149152694]
[28, 52, False, 0.05792844463634922]
[29, 53, False, 0.051987524491003634]
[30, 120, False, 0.038110796698335295]
[31, 61, False, 0.03465834966066909]
[32, 51, False, 0.022786197567488776]
[33, 50, False, 0.0]
[33, 56, False, 0.0]
[33, 122, False, 0.0]

Sus_Op2:
[1, 128, False, 17.708988057825266]
[2, 127, False, 17.62350722815839]
[3, 135, False, 17.538026398491514]
[3, 136, False, 17.538026398491514]
[4, 133, False, 17.454431175361407]
[5, 141, False, 17.103079824010056]
[6, 164, False, 17.03708359522313]
[7, 148, False, 17.01948460087995]
[7, 158, False, 17.01948460087995]
[7, 171, False, 17.01948460087995]
[8, 159, False, 17.000628535512256]
[8, 160, False, 17.000628535512256]
[8, 161, False, 17.000628535512256]
[8, 162, False, 17.000628535512256]
[8, 163, False, 17.000628535512256]
[8, 165, False, 17.000628535512256]
[8, 166, False, 17.000628535512256]
[8, 167, False, 17.000628535512256]
[8, 168, False, 17.000628535512256]
[8, 169, False, 17.000628535512256]
[9, 63, True, 16.900691389063482]
[9, 72, False, 16.900691389063482]
[10, 79, False, 10.9610307982401]
[11, 73, False, 10.877435575109994]
[12, 81, False, 10.788812067881835]
[13, 126, False, 10.705216844751728]
[14, 97, False, 6.924575738529227]
[15, 109, False, 6.923318667504714]
[16, 99, False, 6.921433060967945]
[16, 112, False, 6.921433060967945]
[16, 138, False, 6.921433060967945]
[17, 90, False, 6.8604651162790695]
[17, 91, False, 6.8604651162790695]
[18, 104, False, 6.8434946574481454]
[19, 124, False, 6.842237586423633]
[20, 118, False, 6.837837837837838]
[20, 119, False, 6.837837837837838]
[20, 172, False, 6.837837837837838]
[21, 58, False, 4.854808296668762]
[22, 52, False, 2.9082338152105596]
[23, 53, False, 2.8856065367693273]
[24, 120, False, 1.9050911376492772]
[25, 61, False, 1.884978001257071]
[26, 51, False, 0.9333752357008172]
[27, 50, False, 0.0]
[27, 56, False, 0.0]
[27, 122, False, 0.0]

Sus_Tarantula:
[1, 90, False, 0.977859778597786]
[2, 97, False, 0.9671532846715328]
[3, 72, False, 0.9515260323159784]
[4, 79, False, 0.9400193485972267]
[5, 63, True, 0.9048001606748344]
[6, 119, False, 0.8426073131955485]
[7, 109, False, 0.835209365150833]
[8, 73, False, 0.8328571428571429]
[9, 99, False, 0.8318385650224216]
[9, 112, False, 0.8318385650224216]
[9, 127, False, 0.8318385650224216]
[9, 128, False, 0.8318385650224216]
[9, 133, False, 0.8318385650224216]
[9, 136, False, 0.8318385650224216]
[9, 138, False, 0.8318385650224216]
[10, 161, False, 0.8089838639337114]
[11, 168, False, 0.7948410317936413]
[12, 166, False, 0.7741880048118234]
[12, 167, False, 0.7741880048118234]
[13, 162, False, 0.7697095435684647]
[14, 165, False, 0.7472682410997533]
[15, 81, False, 0.7430537853683407]
[16, 91, False, 0.7358191193970647]
[17, 104, False, 0.712913143735588]
[18, 124, False, 0.7112730061349694]
[19, 118, False, 0.7055914796500571]
[19, 141, False, 0.7055914796500571]
[19, 148, False, 0.7055914796500571]
[19, 158, False, 0.7055914796500571]
[19, 159, False, 0.7055914796500571]
[19, 160, False, 0.7055914796500571]
[19, 171, False, 0.7055914796500571]
[19, 172, False, 0.7055914796500571]
[20, 135, False, 0.6838709677419355]
[21, 126, False, 0.6744562702452568]
[22, 58, False, 0.6565906838453915]
[23, 52, False, 0.6447688564476886]
[24, 53, False, 0.5928411633109619]
[25, 120, False, 0.5391658189216684]
[26, 164, False, 0.5092889173606663]
[27, 163, False, 0.5]
[27, 169, False, 0.5]
[28, 61, False, 0.4911955514365153]
[29, 51, False, 0.45454545454545453]
[30, 50, False, 0.0]
[30, 56, False, 0.0]
[30, 122, False, 0.0]

Sus_Dstar3:
[1, 63, True, 30.89937106918239]
[1, 72, False, 30.89937106918239]
[2, 79, False, 19.28985507246377]
[3, 128, False, 12.59611231101512]
[4, 166, False, 11.19134396355353]
[4, 167, False, 11.19134396355353]
[5, 127, False, 9.736227045075125]
[6, 135, False, 7.9346938775510205]
[6, 136, False, 7.9346938775510205]
[7, 133, False, 6.71889400921659]
[8, 73, False, 6.589108910891089]
[9, 141, False, 4.086895585143658]
[10, 81, False, 3.880466472303207]
[11, 164, False, 3.8067885117493474]
[12, 148, False, 3.7384615384615385]
[12, 158, False, 3.7384615384615385]
[12, 171, False, 3.7384615384615385]
[13, 159, False, 3.667924528301887]
[13, 160, False, 3.667924528301887]
[13, 161, False, 3.667924528301887]
[13, 162, False, 3.667924528301887]
[13, 163, False, 3.667924528301887]
[13, 165, False, 3.667924528301887]
[13, 168, False, 3.667924528301887]
[13, 169, False, 3.667924528301887]
[14, 126, False, 2.796218487394958]
[15, 97, False, 2.618320610687023]
[16, 109, False, 2.5789473684210527]
[17, 99, False, 2.5220588235294117]
[17, 112, False, 2.5220588235294117]
[17, 138, False, 2.5220588235294117]
[18, 90, False, 1.4721030042918455]
[18, 91, False, 1.4721030042918455]
[19, 104, False, 1.3192307692307692]
[20, 124, False, 1.3091603053435115]
[21, 118, False, 1.275092936802974]
[21, 119, False, 1.275092936802974]
[21, 172, False, 1.275092936802974]
[22, 58, False, 0.5122950819672131]
[23, 52, False, 0.16770186335403728]
[24, 53, False, 0.13705583756345177]
[25, 120, False, 0.04790419161676647]
[26, 61, False, 0.04020100502512563]
[27, 51, False, 0.008130081300813009]
[28, 50, False, 0.0]
[28, 56, False, 0.0]
[28, 122, False, 0.0]

Sus_GP13:
[1, 128, False, 18.018711018711016]
[2, 127, False, 18.014586709886547]
[3, 135, False, 18.01195219123506]
[3, 136, False, 18.01195219123506]
[4, 133, False, 18.010158013544018]
[5, 141, False, 18.00622837370242]
[6, 164, False, 18.0058064516129]
[7, 148, False, 18.00570342205323]
[7, 158, False, 18.00570342205323]
[7, 171, False, 18.00570342205323]
[8, 159, False, 18.005597014925375]
[8, 160, False, 18.005597014925375]
[8, 161, False, 18.005597014925375]
[8, 162, False, 18.005597014925375]
[8, 163, False, 18.005597014925375]
[8, 165, False, 18.005597014925375]
[8, 166, False, 18.005597014925375]
[8, 167, False, 18.005597014925375]
[8, 168, False, 18.005597014925375]
[8, 169, False, 18.005597014925375]
[9, 63, True, 17.048571428571428]
[9, 72, False, 17.048571428571428]
[10, 79, False, 11.075342465753424]
[11, 73, False, 11.026699029126215]
[12, 81, False, 11.015850144092218]
[13, 126, False, 11.011458333333334]
[14, 97, False, 7.02755905511811]
[15, 109, False, 7.0271317829457365]
[16, 99, False, 7.026515151515152]
[16, 112, False, 7.026515151515152]
[16, 138, False, 7.026515151515152]
[17, 90, False, 7.0152838427947595]
[17, 91, False, 7.0152838427947595]
[18, 104, False, 7.013671875]
[19, 124, False, 7.013565891472869]
[20, 118, False, 7.013207547169812]
[20, 119, False, 7.013207547169812]
[20, 172, False, 7.013207547169812]
[21, 58, False, 5.010593220338984]
[22, 52, False, 3.01006711409396]
[23, 53, False, 3.0081081081081082]
[24, 120, False, 2.0065359477124183]
[25, 61, False, 2.0054054054054054]
[26, 51, False, 1.0046728971962617]
[27, 50, False, 0.0]
[27, 56, False, 0.0]
[27, 122, False, 0.0]

Sus_Naish1:
[1, 50, False, -1.0]
[1, 51, False, -1.0]
[1, 52, False, -1.0]
[1, 53, False, -1.0]
[1, 56, False, -1.0]
[1, 58, False, -1.0]
[1, 61, False, -1.0]
[1, 63, True, -1.0]
[1, 72, False, -1.0]
[1, 73, False, -1.0]
[1, 79, False, -1.0]
[1, 81, False, -1.0]
[1, 90, False, -1.0]
[1, 91, False, -1.0]
[1, 97, False, -1.0]
[1, 99, False, -1.0]
[1, 104, False, -1.0]
[1, 109, False, -1.0]
[1, 112, False, -1.0]
[1, 118, False, -1.0]
[1, 119, False, -1.0]
[1, 120, False, -1.0]
[1, 122, False, -1.0]
[1, 124, False, -1.0]
[1, 126, False, -1.0]
[1, 127, False, -1.0]
[1, 128, False, -1.0]
[1, 133, False, -1.0]
[1, 136, False, -1.0]
[1, 138, False, -1.0]
[1, 141, False, -1.0]
[1, 148, False, -1.0]
[1, 158, False, -1.0]
[1, 159, False, -1.0]
[1, 160, False, -1.0]
[1, 161, False, -1.0]
[1, 162, False, -1.0]
[1, 163, False, -1.0]
[1, 164, False, -1.0]
[1, 165, False, -1.0]
[1, 166, False, -1.0]
[1, 167, False, -1.0]
[1, 168, False, -1.0]
[1, 169, False, -1.0]
[1, 171, False, -1.0]
[1, 172, False, -1.0]
[2, 135, False, -717.0]

